"","time","MRA","LR"
"1",1,0,0
"2",2,128.760976381602,437.704076115431
"3",3,96.1034823773851,464.425630406086
"4",4,103.217578332119,633.224727364384
"5",5,107.593329440771,644.77491810632
"6",6,123.241012750823,772.913563062782
"7",7,110.8828984797,775.313525995221
"8",8,118.536959264389,882.421775772152
"9",9,122.930681224647,885.875462562919
"10",10,88.3685697116281,773.129719520131
"11",11,93.7115115974962,686.907483339056
"12",12,97.449225854702,797.987653292128
"13",13,120.896498871316,847.023516450732
"14",14,108.090012757751,894.892817354519
"15",15,86.7845225034744,823.706078667709
"16",16,87.2901347039772,753.088780881547
"17",17,121.483503855766,776.926590807481
"18",18,105.937064693929,805.145260007632
"19",19,83.624177533543,828.160630511386
"20",20,111.562930980153,1001.46882701948
