"","time","MRA","LR"
"1",1,0,0
"2",2,145.983559568243,523.212298594626
"3",3,68.7851944825592,526.890445504067
"4",4,80.5868866411754,616.667358615634
"5",5,88.7299085494971,724.227244205137
"6",6,90.629614929593,743.649840496385
"7",7,92.3898633259522,765.559350961439
"8",8,113.608029977664,829.457308110803
"9",9,108.236113277218,918.038653853989
"10",10,157.463457046007,1099.59529102909
"11",11,167.281416779465,960.649669750577
"12",12,170.276475803106,978.143125452298
"13",13,153.090498613094,1073.12474986489
"14",14,133.003544460812,1033.36808666467
"15",15,113.04316992241,1043.24589808803
"16",16,130.192586853541,1094.31538331038
"17",17,125.412445554364,938.842786334417
"18",18,130.819743399299,959.545654143746
"19",19,126.091710841836,892.424710092653
"20",20,123.541796934615,810.703511142521
