"","time","MRA","LR"
"1",1,0,0
"2",2,128.690800312341,444.044842952787
"3",3,81.335297883308,458.749377385625
"4",4,91.377574946231,639.677384896889
"5",5,119.339398958857,627.794790443176
"6",6,100.410706398299,570.107180559714
"7",7,104.825772160227,646.197051838377
"8",8,96.1423319774048,649.684536066654
"9",9,95.7212386470735,689.905714228214
"10",10,83.4781361696988,664.411642544501
"11",11,122.254175700926,675.933681312889
"12",12,128.076393236257,735.042926813041
"13",13,98.7095966621865,681.335310975863
"14",14,91.9042347541296,693.995297719266
"15",15,104.350936450604,722.735335629251
"16",16,115.828481333536,755.961436810424
"17",17,112.240763451341,732.763379680194
"18",18,94.269702165388,685.431994533772
"19",19,116.883243453787,749.874178135325
"20",20,111.405386953227,858.834945370487
