"","time","MRA","LR"
"1",1,0,0
"2",2,140.639440607891,502.703062953417
"3",3,80.8653184090703,566.176317593509
"4",4,87.9384295752199,616.95502761451
"5",5,88.6660267172167,710.821153077561
"6",6,88.4383906216895,721.578010599399
"7",7,107.599634540907,962.106009724596
"8",8,109.879508561452,820.4761377271
"9",9,102.035872352492,859.599322594611
"10",10,81.8873877798585,816.683581793527
"11",11,109.467434028921,824.991754678964
"12",12,119.213239471311,900.945706267341
"13",13,105.223745030208,807.660029745671
"14",14,118.53831563419,938.663220525989
"15",15,100.198237147251,798.095437128557
"16",16,127.070016177814,805.988136655596
"17",17,110.588616444737,959.626917949241
"18",18,126.351640237918,988.282320361988
"19",19,136.688306334001,768.907821920728
"20",20,161.947515028473,805.429405254505
