"","time","MRA","LR"
"1",1,0,0
"2",2,128.623489685457,467.18465818228
"3",3,70.5768007829503,436.662040221004
"4",4,110.797387863337,625.443857524121
"5",5,114.364188979258,699.501007270823
"6",6,106.777597116808,865.099865579716
"7",7,114.703726172412,813.295666450123
"8",8,128.663188519423,816.292341452008
"9",9,122.042371877828,794.821922065254
"10",10,102.426645107468,765.999549899107
"11",11,92.1317107463215,761.439077378448
"12",12,97.2973765543171,743.472738900581
"13",13,130.950792649346,922.597650055517
"14",14,121.718225678532,961.002842321374
"15",15,139.739060924677,1026.11446728507
"16",16,128.409457568872,975.040028255782
"17",17,102.334328074196,799.363819313808
"18",18,91.5104609289245,894.328603397333
"19",19,89.1303512392125,751.910860570203
"20",20,79.4695278566211,838.142432933687
