"","time","MRA","LR"
"1",1,0,0
"2",2,147.773418646199,513.242375638903
"3",3,100.394362394282,628.790615567478
"4",4,89.150872909752,592.67852371387
"5",5,94.7174334581754,719.948763316132
"6",6,92.4552971286707,721.90175450561
"7",7,114.468676167474,819.104817903638
"8",8,95.2889985144892,747.14205801615
"9",9,108.973967213065,874.290495899799
"10",10,121.557100437607,856.168474719855
"11",11,107.30077959149,955.774576412609
"12",12,117.395248276588,1080.5691588782
"13",13,118.279272372443,993.594331834043
"14",14,120.497884369035,963.245246372277
"15",15,127.662319416407,820.780076792712
"16",16,133.057796347749,814.494104824377
"17",17,127.869768660974,778.900988079135
"18",18,124.185940371007,981.646257188242
"19",19,100.390832205228,919.999910049452
"20",20,101.667153766022,918.544704404381
