"","time","MRA","LR"
"1",1,0,0
"2",2,132.3232244173,480.366759011536
"3",3,74.1616154450742,596.719102787895
"4",4,78.9651309474602,552.009051908921
"5",5,97.7485306289127,612.342511497366
"6",6,84.6466167297743,622.673606423106
"7",7,106.416306950856,793.597677913689
"8",8,116.085537633341,822.849534325055
"9",9,112.389200415167,714.06205099043
"10",10,96.3949201444582,794.179746404704
"11",11,118.790737625741,829.423117944332
"12",12,114.745024825215,886.787902414721
"13",13,95.5741074165085,880.064014160734
"14",14,95.9837658272588,881.208705449648
"15",15,116.262587348901,780.917793063033
"16",16,98.9019324953592,836.120392643247
"17",17,68.3996417529746,721.246501797866
"18",18,87.3374282727107,692.727130738399
"19",19,84.7874312392983,648.440763882798
"20",20,85.6595038989801,735.258933645366
