"","time","MRA","LR"
"1",1,0,0
"2",2,123.346933814317,434.246785109117
"3",3,101.758141454148,514.797957574393
"4",4,109.482224357734,553.123358108273
"5",5,105.482250326468,638.37794065506
"6",6,84.2373728233771,733.338455361701
"7",7,104.527697564861,902.839717712267
"8",8,117.530637604218,980.622573544472
"9",9,114.228433959699,884.326495753709
"10",10,120.158986613807,782.927173268733
"11",11,116.606235240737,820.404168228049
"12",12,98.474819651202,783.22367936002
"13",13,112.89311053929,780.671571103628
"14",14,116.461538085984,870.286950029404
"15",15,101.88063568952,975.917712249745
"16",16,122.938914890198,924.29696882526
"17",17,96.0567778638861,896.701042145713
"18",18,100.830231550381,961.883795590773
"19",19,121.46590442878,911.125648735774
"20",20,120.408968880198,1020.34394839229
