"","time","MRA","LR"
"1",1,0,0
"2",2,113.255175339725,482.630469162783
"3",3,93.1207464913667,518.457432452374
"4",4,92.2609711299705,686.325422498484
"5",5,111.133797621464,655.452596995012
"6",6,99.2049340998852,675.69629741072
"7",7,101.935578217335,837.209501431246
"8",8,105.323836694145,767.546633762537
"9",9,109.355826816097,845.425790451419
"10",10,92.2021889756206,794.182054029005
"11",11,91.0489732805377,879.692143421554
"12",12,102.638589382889,873.699413608826
"13",13,122.943830606589,797.867398115524
"14",14,124.94058240366,836.416541059932
"15",15,97.1612097678412,929.793543685765
"16",16,119.697935568359,900.605011690763
"17",17,120.151128090836,962.206447886352
"18",18,123.505386651823,914.781170679228
"19",19,90.737418889503,864.95335708367
"20",20,108.842784960157,914.89773466062
