"","time","MRA","LR"
"1",1,0,0
"2",2,124.840587977968,453.693420822466
"3",3,89.0822085180473,630.692458240788
"4",4,81.0053573366412,691.133084858012
"5",5,83.9801477561291,655.037634834658
"6",6,108.210155348507,731.032824869487
"7",7,106.086256014475,817.97125295923
"8",8,95.3625162968121,837.87089872945
"9",9,118.364357494782,911.378934189946
"10",10,113.383035767636,995.39075836252
"11",11,110.06019380691,1010.51099601027
"12",12,131.799874402172,1224.33092964663
"13",13,148.854174274361,1215.50225548979
"14",14,101.059521438095,995.327255906072
"15",15,85.8576318460578,912.65203699383
"16",16,118.265720072644,992.302713445224
"17",17,110.474838195207,1096.49326010484
"18",18,110.124844160272,1056.77130203036
"19",19,114.530269101678,1124.64962740998
"20",20,122.281454666819,918.147533272104
