"","time","MRA","LR"
"1",1,0,0
"2",2,133.813557501454,454.173776420148
"3",3,91.3537436562449,578.351256314995
"4",4,115.582368106937,665.501066153741
"5",5,123.068167408078,729.917342721493
"6",6,127.823692384324,723.092978034456
"7",7,105.704592794372,687.659729407628
"8",8,98.5575751635653,629.37867163557
"9",9,130.791483153855,745.340215904242
"10",10,112.126396215331,805.882036996426
"11",11,121.172589324488,857.148372860783
"12",12,133.661859184218,1014.70142431108
"13",13,146.580843833049,1168.41335467691
"14",14,132.388866277043,1022.11475004371
"15",15,125.380607331494,1051.24393178622
"16",16,113.480541226976,1089.95077178296
"17",17,97.6026535587666,1160.35927089162
"18",18,116.883201042187,1100.75175927235
"19",19,141.631148967975,1038.78399403101
"20",20,111.969616917982,959.431671945832
