"","time","MRA","LR"
"1",1,0,0
"2",2,119.52919864591,441.269695539359
"3",3,83.7686815039115,528.727099727891
"4",4,88.918272585916,650.415261408087
"5",5,112.232361647288,795.200242062355
"6",6,122.985498884507,822.770864590023
"7",7,138.114823748503,848.509586261449
"8",8,132.250922897906,806.354548746335
"9",9,137.407659565048,796.746419282729
"10",10,140.060888356722,959.88428412831
"11",11,124.395838979082,1022.00979390731
"12",12,101.118300056704,1016.05966771906
"13",13,107.201071917165,869.376887737238
"14",14,109.156591464219,899.915926793239
"15",15,114.186327212516,913.586841000091
"16",16,136.526722533874,1001.68834636913
"17",17,128.089444719888,855.288058315447
"18",18,142.675345047992,856.428866059684
"19",19,100.696900224521,838.780707130139
"20",20,89.545110184128,737.078550225496
