"","time","MRA","LR"
"1",1,0,0
"2",2,149.553644670839,491.393492067441
"3",3,88.9924969039953,561.673174818557
"4",4,79.3346551938314,684.062420375475
"5",5,99.6742693698202,656.478600487505
"6",6,98.1221927932309,660.485759677471
"7",7,109.498165197523,725.167988640897
"8",8,99.5470326854289,791.465056394716
"9",9,73.1653970456667,948.004000371398
"10",10,86.6293213663994,979.653338043108
"11",11,104.928814968612,904.351781203841
"12",12,110.47377474746,944.33740725023
"13",13,119.60331210863,985.398507438343
"14",14,95.6504766455555,949.073121850506
"15",15,97.8296175698231,890.862525855519
"16",16,118.948699225969,1036.48190638168
"17",17,116.294840508591,959.378171301091
"18",18,109.871037725521,1033.02492887556
"19",19,139.503982523752,1057.83790151937
"20",20,126.14075540968,1017.94696779845
