"","time","MRA","LR"
"1",1,0,0
"2",2,143.081125217065,460.882121546292
"3",3,94.808343862986,634.719135951917
"4",4,78.2704843256926,690.298924348065
"5",5,65.5935459847432,662.683663588706
"6",6,81.6280675644563,681.8930036357
"7",7,98.7600037475438,662.141428362212
"8",8,104.773873895174,778.433072805235
"9",9,114.549098397115,827.529957044371
"10",10,109.094894591041,800.257807739794
"11",11,147.29684418501,913.343192460596
"12",12,136.807018506017,905.814160108692
"13",13,129.563358904109,910.544905666604
"14",14,104.262914304255,897.297173496141
"15",15,95.4945949712192,955.264366444422
"16",16,122.113457587323,926.581704976392
"17",17,119.832163194527,909.074275802136
"18",18,101.895301150467,795.536971737538
"19",19,134.595853773216,947.272389525154
"20",20,127.141217073874,809.551277231511
