"","time","MRA","LR"
"1",1,0,0
"2",2,126.65033447705,507.768780414272
"3",3,83.8658713399991,562.836682161882
"4",4,118.448173043754,731.901154599927
"5",5,125.042954269274,919.350858547127
"6",6,118.331793849856,846.049571939988
"7",7,139.260293786832,818.944210627263
"8",8,161.362775935925,857.208672617604
"9",9,158.39817125254,1055.81576540098
"10",10,152.660898057543,976.323659905363
"11",11,135.188454512541,968.930394341417
"12",12,132.724623386017,932.959788646772
"13",13,112.82202530791,818.154133345363
"14",14,129.073823381616,739.031162123891
"15",15,142.773832642361,789.647079301403
"16",16,126.374382716285,865.838734982101
"17",17,108.433617705867,861.815467359296
"18",18,109.189249076382,781.45522205845
"19",19,121.333547639546,809.229713439035
"20",20,105.750805064144,831.426876649464
