"","time","MRA","LR"
"1",1,0,0
"2",2,147.364535048747,499.376269182234
"3",3,98.5660254652805,504.049789340536
"4",4,95.7548652243361,565.213459174594
"5",5,101.378474964592,621.256384082443
"6",6,97.9975940358937,576.881301122969
"7",7,95.6601895339164,668.997434100109
"8",8,127.108496173566,739.47506460578
"9",9,117.778778446312,609.688467795516
"10",10,101.48228273979,694.165095622474
"11",11,116.595511762773,821.591706711889
"12",12,99.3515111551071,638.722663727362
"13",13,88.5863904057037,686.320203179804
"14",14,104.331602253322,678.999901766859
"15",15,122.998884884845,721.671304131788
"16",16,124.868167698604,899.9602986568
"17",17,126.198150999916,850.536071293417
"18",18,126.296773568965,895.151154367253
"19",19,114.242023533492,741.503241300286
"20",20,136.127895805038,821.317737201687
