"","time","MRA","LR"
"1",1,0,0
"2",2,114.80183829527,475.821922530366
"3",3,74.874175569299,504.366068443204
"4",4,88.5945886837076,510.792223144213
"5",5,82.7791637924942,601.148207578515
"6",6,120.642911588608,742.747552732032
"7",7,103.432161967082,738.570216482475
"8",8,84.1878551684408,869.211390332576
"9",9,88.740795037352,851.665732884142
"10",10,87.6336611482429,869.002859922292
"11",11,115.117776255526,936.161031487404
"12",12,113.78827382361,848.793092124061
"13",13,106.845790656485,978.279507311235
"14",14,89.3751866416801,842.947517295565
"15",15,113.48335719308,863.985654670908
"16",16,109.833560872097,815.133231053311
"17",17,103.840098054171,705.172011682122
"18",18,110.124373782906,710.487187608956
"19",19,95.2505476655315,718.69940614411
"20",20,116.773126468071,831.772975559413
