"","time","MRA","LR"
"1",1,0,0
"2",2,134.523192599665,484.344536965857
"3",3,80.4557247887491,569.170087579837
"4",4,102.018702381059,598.114370827318
"5",5,119.661857404128,720.703625014517
"6",6,113.393499034248,727.500660536851
"7",7,126.783545103825,773.392405701848
"8",8,99.0173961998144,832.225958439343
"9",9,105.206229104531,863.441692468997
"10",10,105.247137812655,902.209606282577
"11",11,98.2405996026113,1104.99391499968
"12",12,123.247176182135,1055.14968096594
"13",13,115.690880840713,912.474545551315
"14",14,109.477393898403,943.730391576081
"15",15,129.344247551082,926.349724699685
"16",16,125.775289991617,915.928852172493
"17",17,132.359733431299,820.834299351598
"18",18,104.747767761102,783.057451980191
"19",19,123.197460673862,858.290047643016
"20",20,126.555431158163,946.244111270123
