"","time","MRA","LR"
"1",1,0,0
"2",2,142.572179595498,538.170584550687
"3",3,64.0696257428755,656.661370131471
"4",4,85.4602584103402,687.186978015555
"5",5,76.77801091102,651.462416874046
"6",6,80.9572639422756,765.167207997119
"7",7,87.0846810971491,905.145142556657
"8",8,90.8667361323409,913.458481837357
"9",9,99.0873634403316,1073.91506984489
"10",10,86.7663632413266,864.081608422435
"11",11,93.3439788925451,720.71684615491
"12",12,102.091384266709,730.556394245067
"13",13,100.223934458472,742.366567907624
"14",14,92.1178640661585,623.050387657929
"15",15,110.155009172193,677.240847131545
"16",16,102.305998009721,703.820051542778
"17",17,91.7019209780266,696.426907795814
"18",18,96.5399657468301,710.445334284779
"19",19,92.4428686242584,648.286543605074
"20",20,100.806392613154,743.446734868285
