"","time","MRA","LR"
"1",1,0,0
"2",2,151.196475595095,522.879869410968
"3",3,100.000036723219,519.185003916789
"4",4,92.7269425613293,511.446250490286
"5",5,69.8727707138273,595.65034214714
"6",6,76.6886403118483,596.046149307076
"7",7,99.4310819747642,759.511844256512
"8",8,80.3393969206948,664.371680191702
"9",9,128.550979091029,834.683758067731
"10",10,113.05857859641,834.384391442088
"11",11,121.55711760161,804.604502361447
"12",12,149.381721460757,969.024799801966
"13",13,128.026037316786,920.698402301448
"14",14,115.156560450172,893.286176678529
"15",15,118.076668356382,963.861534434266
"16",16,125.439488673997,875.423737262139
"17",17,106.557969158012,921.055480292858
"18",18,116.029909065037,928.829154560498
"19",19,121.692011382545,1089.10966072087
"20",20,134.316158585905,986.760272430875
