"","time","MRA","LR"
"1",1,0,0
"2",2,158.88285191732,524.883749322034
"3",3,101.215543430432,634.679715272414
"4",4,104.730264584207,647.406120934181
"5",5,110.669150141128,743.24418358635
"6",6,133.875844607138,693.851235753798
"7",7,140.302374526712,775.623389947735
"8",8,161.437738207966,860.609728999153
"9",9,152.085858398087,850.340190182912
"10",10,149.092369630409,891.945099905462
"11",11,155.044053666254,942.550446027031
"12",12,164.298820368468,1003.10991777322
"13",13,135.263735984578,891.238231336866
"14",14,120.358693615075,816.602068641992
"15",15,124.539228377257,777.581879520601
"16",16,127.13369873327,820.731434486668
"17",17,127.760256756865,788.865751706971
"18",18,175.063878233321,846.790126419006
"19",19,160.856237025504,922.525196992358
"20",20,125.610661083017,930.741685910661
