"","time","MRA","LR"
"1",1,0,0
"2",2,142.179186213089,510.025728464967
"3",3,99.1757998033432,609.483115988482
"4",4,87.2432973419468,561.203800158012
"5",5,83.2142590780452,639.670396838196
"6",6,85.6253884839967,775.844722162132
"7",7,84.5097373915928,739.396378373202
"8",8,88.7690422674106,815.501411020849
"9",9,116.27794269086,848.885422237635
"10",10,125.546085350691,882.293158838911
"11",11,121.790836353487,834.624475163011
"12",12,124.364415095902,849.778737216941
"13",13,122.482623946463,865.969033817896
"14",14,100.029846913252,724.14570663326
"15",15,85.0703151644449,664.763929515922
"16",16,93.4857322062596,691.802012805641
"17",17,80.3035007501724,667.524988787308
"18",18,110.006561057663,662.17079277512
"19",19,98.8130397748249,682.465400283443
"20",20,111.294376497318,803.846659362995
