"","time","MRA","LR"
"1",2,0.940566993386966,0.936852111565355
"2",3,0.995898762809507,1.02658311025513
"3",4,1.07031656170058,1.14180981819428
"4",5,1.06287929039324,1.20687315073177
"5",6,1.02679660047945,1.26453273778665
"6",7,1.05379311453289,1.23076695831112
"7",8,1.02847509731639,1.18293452288736
"8",9,1.01836580992411,1.16272261056081
"9",10,1.02590474698494,1.18499789825682
"10",11,1.03638492055656,1.2614662203423
"11",12,1.0402247468143,1.276175031011
"12",13,1.05114070812386,1.25885400662356
"13",14,1.04648211079656,1.27259955251647
"14",15,1.02326972099344,1.22876113598854
"15",16,0.99863887966603,1.23560640469528
"16",17,1.06384908458078,1.29907028702709
"17",18,1.07468601243005,1.3322743517883
"18",19,1.04987692159883,1.21274816933154
"19",20,1.0064744695868,1.22204878120895
