"","time","MRA","LR"
"1",2,0.971217206259204,1.02924301009765
"2",3,0.995713478736811,0.996633725186347
"3",4,1.03113456579929,1.1159031546989
"4",5,0.989312135498893,1.12308297652511
"5",6,0.998504700487023,1.16444043302264
"6",7,1.01232387575176,1.25026599132171
"7",8,1.01819354394034,1.1775634499017
"8",9,1.05019913035431,1.17123073401082
"9",10,1.03078085320642,1.21522519994527
"10",11,1.09634870170703,1.3313780598968
"11",12,1.03545429644007,1.34175248538633
"12",13,1.04501562758551,1.28817042588254
"13",14,1.05288014294706,1.2077802722692
"14",15,1.02825980806592,1.19652077764454
"15",16,1.04543174328624,1.24446606310289
"16",17,1.03690681921475,1.23808522266209
"17",18,1.01012060282174,1.22964348217649
"18",19,1.05946875999044,1.4118701532417
"19",20,1.01384461087234,1.29793430977214
