"","time","MRA","LR"
"1",2,1.00215957284643,1.02440342237468
"2",3,1.0058861584199,1.08302304663316
"3",4,0.990702220690315,1.08097848818004
"4",5,1.00363526246925,1.05636687541874
"5",6,1.05298190353384,1.15599746906872
"6",7,1.00033252432856,1.10888667044667
"7",8,1.04559588118164,1.12520406367723
"8",9,1.01299177452954,1.1681422888454
"9",10,1.03473071104193,1.22652817702948
"10",11,1.03065290739121,1.28509845754428
"11",12,1.06046262675313,1.30285996899758
"12",13,1.05235740085005,1.24805306445696
"13",14,1.0558327468118,1.30469444399418
"14",15,1.0447040685287,1.20160590033872
"15",16,1.05585467935985,1.21749170961449
"16",17,1.02080737912082,1.23064117475152
"17",18,1.03905434390401,1.26629964313387
"18",19,1.02969845317778,1.20880655331935
"19",20,1.00012544301341,1.24151601637526
