"","time","MRA","LR"
"1",2,1.04322080538892,1.00093869755094
"2",3,1.02101621746592,1.12090262510416
"3",4,1.0491704187821,1.12483141001489
"4",5,1.00021476397723,1.07249754664319
"5",6,1.01681293949049,1.15328348488102
"6",7,1.07235612556201,1.25378971795524
"7",8,1.0270948797431,1.19001577301933
"8",9,1.05071532090593,1.13337533390317
"9",10,1.07488760247994,1.34401429520196
"10",11,1.06439585427956,1.26323947095648
"11",12,1.07253949508961,1.33866984926192
"12",13,0.999603621207771,1.22617265470012
"13",14,1.02499564082941,1.23072658918872
"14",15,1.04644093494081,1.2230469527673
"15",16,1.04389803544253,1.31342218289288
"16",17,1.03735847089143,1.25225300087527
"17",18,1.02767984376132,1.34970447339558
"18",19,1.02316673726336,1.31948465987936
"19",20,1.02193986298619,1.32356886271695
