"","time","MRA","LR"
"1",2,0.960707877382977,1.01076572690722
"2",3,0.990166597784668,1.06742745865079
"3",4,1.04331694242145,1.209016040434
"4",5,1.03356198656603,1.24186554351418
"5",6,1.03671456224978,1.17534351125106
"6",7,1.03655718146214,1.18706196511218
"7",8,1.03427950950802,1.12848348602183
"8",9,1.04377432195015,1.13856701428815
"9",10,1.03380921385434,1.13307939443199
"10",11,1.10595324396113,1.27978252742496
"11",12,1.10805545875036,1.27198411267021
"12",13,1.06461131653022,1.25043342780465
"13",14,1.06169076897776,1.31359055306012
"14",15,1.03988715293134,1.30849100800521
"15",16,1.03901611052558,1.28012511852889
"16",17,1.03852693245531,1.20731545309131
"17",18,1.08168697540453,1.23584700289469
"18",19,1.05980125620878,1.30064816040707
"19",20,1.02915291217425,1.27186417850103
