"","time","MRA","LR"
"1",2,0.984914074778532,1.00817510444439
"2",3,1.0023931343039,1.06073290027713
"3",4,1.01343552501924,1.08493124774956
"4",5,1.05552275287218,1.118136539814
"5",6,1.05507764002604,1.19136378280846
"6",7,1.0327682415044,1.23405380249853
"7",8,1.07202242577616,1.2344294685982
"8",9,1.0730212407765,1.30118227230665
"9",10,1.06076763608964,1.2398841103218
"10",11,1.05251479625792,1.27747657196188
"11",12,1.03783863101448,1.23336969637099
"12",13,1.05613105515453,1.32811436318646
"13",14,1.04167293848006,1.22435389335724
"14",15,1.04320191537964,1.22789315064112
"15",16,1.07914480231832,1.32762401462998
"16",17,1.06637766160553,1.25553748234623
"17",18,1.04496537535509,1.21767172416685
"18",19,1.00499008790313,1.22053856980943
"19",20,1.03193737560824,1.26976968969924
