"","time","MRA","LR"
"1",2,0.951823804950211,0.984192297814825
"2",3,0.972997560916041,1.02693565189841
"3",4,0.988488684026957,1.12330451788408
"4",5,1.0165413644877,1.13429987225664
"5",6,1.04124442868467,1.18614215927435
"6",7,1.04236748808857,1.30511057245112
"7",8,1.01823452130264,1.24375265060795
"8",9,1.02936790982962,1.25546476841926
"9",10,1.05121013198596,1.2859030188593
"10",11,1.03249973177292,1.35522156947289
"11",12,1.0006876978473,1.16294798799267
"12",13,1.08056937733088,1.23993515066089
"13",14,1.02107844311978,1.22912840226101
"14",15,1.00527325143476,1.13354915445349
"15",16,1.04472682139566,1.19297689506583
"16",17,1.01819596074521,1.22928478859858
"17",18,1.00575470407266,1.20577278958113
"18",19,1.01966690509758,1.25593214363046
"19",20,1.03497779070932,1.19443049430284
