"","time","MRA","LR"
"1",2,0.933279960534181,0.991129105966219
"2",3,0.975094376517523,1.06138396275191
"3",4,1.00131128228756,1.08643699649987
"4",5,1.04823685310019,1.18739283771149
"5",6,1.0422128953425,1.18272708077732
"6",7,1.0320570731555,1.224039859815
"7",8,1.03648650791985,1.23680705513849
"8",9,1.05036754528321,1.19923481491926
"9",10,1.02370985473254,1.14794251366736
"10",11,1.06358644756603,1.23945398911557
"11",12,1.12507199991118,1.30240905333784
"12",13,1.07322323787158,1.24357985635145
"13",14,1.02940583928784,1.19503628199598
"14",15,1.07100522042062,1.22874240632128
"15",16,1.05680770294716,1.18877965072289
"16",17,1.06984485595184,1.34791492188859
"17",18,1.01756708796117,1.27628845251023
"18",19,1.03182516180856,1.27894693718947
"19",20,1.0123705539472,1.32367848230841
