"","time","MRA","LR"
"1",2,0.953496235871427,0.97991373855241
"2",3,0.984671807472195,1.00632166920035
"3",4,1.04467300291016,1.13708687464781
"4",5,0.996702685591329,1.1266223154776
"5",6,1.00319189937582,1.2144189406801
"6",7,0.998872930472354,1.20471823743918
"7",8,1.02204623780238,1.25967616460634
"8",9,1.02940269752091,1.22738327039059
"9",10,1.04046915333967,1.27817547027521
"10",11,1.03696962113512,1.25104939785819
"11",12,1.0169028893445,1.22293542702021
"12",13,1.04582692994893,1.2559025727463
"13",14,1.05141237584983,1.3169490185062
"14",15,1.03849142099104,1.21459093395211
"15",16,1.01642010488557,1.2039426572322
"16",17,1.02181469420753,1.21382319780388
"17",18,1.02901514855306,1.18177986873942
"18",19,1.02226207365915,1.14715407518332
"19",20,1.00950477028441,1.26491295705888
