"","time","MRA","LR"
"1",2,0.996866761129815,1.072020748926
"2",3,1.0466648738892,1.0071715711119
"3",4,1.04859574789962,1.0843910732242
"4",5,1.12886155993067,1.13481444309487
"5",6,0.995344673666332,1.05678520664064
"6",7,1.00099026826559,1.16956187847855
"7",8,1.04375626612416,1.27108555733911
"8",9,1.00036661925064,1.28546610076071
"9",10,1.04240157374863,1.30193906422774
"10",11,1.0076054859878,1.1826311798419
"11",12,1.0302393004564,1.14575096111669
"12",13,1.0295975959439,1.28455770406526
"13",14,1.04574692777857,1.27497450230222
"14",15,1.0648680353112,1.32846016038576
"15",16,1.02701502437916,1.21697735904396
"16",17,1.0692143994122,1.25615693426811
"17",18,1.07625331909574,1.28792161905795
"18",19,1.03014277152051,1.27198301984962
"19",20,1.02026208088126,1.35758092945255
