"","time","MRA","LR"
"1",2,0.989796615076506,0.995875137237004
"2",3,1.01945215913814,1.09422989369725
"3",4,1.05237232945838,1.19682537646163
"4",5,0.999026403411937,1.13526000977647
"5",6,0.997363589516319,1.15020365480943
"6",7,1.01537711877422,1.21552934827051
"7",8,1.03061614757612,1.18727917568627
"8",9,1.01102464124557,1.12455313856622
"9",10,1.0322238804183,1.20532827119247
"10",11,1.0647301494236,1.18628744251546
"11",12,1.07475754740146,1.25485406937214
"12",13,1.05954512787167,1.30465431014946
"13",14,1.06499104916741,1.31416323786237
"14",15,1.06766477475324,1.34650121033103
"15",16,1.0364767660962,1.28975973427351
"16",17,0.977299044176702,1.2432273295109
"17",18,0.948582912387593,1.2041098252629
"18",19,1.02063465922004,1.35801416756538
"19",20,1.01396254563134,1.3395947831373
