"","time","MRA","LR"
"1",2,0.938659028594892,0.966268136361431
"2",3,0.970746815270188,1.03911079552809
"3",4,1.02648769448851,1.15196639351403
"4",5,1.0168136498923,1.11178027026439
"5",6,1.0392428064436,1.14079856234436
"6",7,1.01843127757598,1.19731131525558
"7",8,1.06557282852402,1.09440047987227
"8",9,1.05030539834098,1.0892455801952
"9",10,1.05750268869283,1.22144845974534
"10",11,0.990958881229428,1.14837419263603
"11",12,1.06240960992559,1.29702221185722
"12",13,1.06402670682829,1.42733883515499
"13",14,1.03458290789878,1.29559209971284
"14",15,1.04774474338872,1.31719427827214
"15",16,1.07139502921227,1.36911985651993
"16",17,1.02193023274614,1.29718055525584
"17",18,1.07130141498077,1.36060227803814
"18",19,1.06671426887361,1.44840611270289
"19",20,1.05545923269184,1.43856193260766
