"","time","MRA","LR"
"1",2,1.00081652688427,1.0325257923494
"2",3,1.00660247312948,1.1219144777372
"3",4,1.03557676743404,1.2034954132551
"4",5,1.02462422810273,1.19683509220648
"5",6,1.01014059065754,1.11638759127918
"6",7,1.02432644282299,1.19728955694498
"7",8,1.0289271099208,1.1398514668934
"8",9,1.01669965329753,1.14202207895702
"9",10,1.00408839319892,1.18249787962601
"10",11,1.03579232980172,1.17837563891573
"11",12,1.02787492869336,1.21872011784464
"12",13,1.05427405770286,1.16572728488504
"13",14,1.05471938818435,1.23909270625596
"14",15,1.03313479958035,1.26585800273963
"15",16,1.03633080701182,1.26390417506346
"16",17,1.0514192006678,1.23098662498771
"17",18,1.02729046876114,1.23063099921431
"18",19,1.05491713190603,1.31323970289251
"19",20,1.02341744810858,1.35284759877791
