"","time","MRA","LR"
"1",2,0.967612362932516,1.03952617047017
"2",3,0.972418689364379,1.04902197409206
"3",4,0.985435197536384,1.09052947274564
"4",5,1.03446892333655,1.10822324179717
"5",6,1.05179333356484,1.18512167778361
"6",7,1.01906071025033,1.21443603507197
"7",8,1.00928167177458,1.25405882419871
"8",9,0.990664288420731,1.2256141838891
"9",10,1.04283218884128,1.34041686489926
"10",11,1.02575331282063,1.26685964584717
"11",12,1.04362982778298,1.344600473149
"12",13,1.05979065446167,1.35153192788002
"13",14,1.04189092906434,1.30270955885218
"14",15,1.02848910105149,1.32813438087525
"15",16,1.02055105198592,1.33973209039165
"16",17,1.03575752918836,1.233662450135
"17",18,0.997733496966999,1.24897126035088
"18",19,1.0536711349324,1.27571799524119
"19",20,1.04962481877903,1.25329672887395
