"","time","MRA","LR"
"1",2,0.941111569780896,1.03419791015987
"2",3,1.0087182423998,1.12592718282329
"3",4,1.08163166265554,1.18428700225512
"4",5,1.02251581528007,1.19241494975628
"5",6,1.02671554121785,1.13776968033215
"6",7,1.04466224479541,1.17858771018416
"7",8,1.02852499369161,1.16469241777375
"8",9,1.04873053215948,1.14006918570044
"9",10,1.03143010894702,1.19105483914509
"10",11,1.02844080140984,1.22841703169177
"11",12,1.0474610125873,1.11966443436657
"12",13,1.03832132759947,1.10494010417247
"13",14,1.02647459022768,1.16284950940842
"14",15,1.00191573974621,1.13547035027544
"15",16,1.02066854251485,1.11758129593774
"16",17,1.07509072174151,1.25560096005524
"17",18,1.14567179899361,1.31825115475733
"18",19,1.0599007329969,1.23658629818306
"19",20,1.05314939713216,1.2851115637273
