"","time","MRA","LR"
"1",2,0.941513785589423,1.02269358742227
"2",3,0.987429126135519,1.05748190700151
"3",4,1.00722113470195,1.07801254132077
"4",5,1.01569382229561,1.08355657983016
"5",6,1.02898553179244,1.07234321948144
"6",7,1.01199339925572,1.2111461190671
"7",8,1.01620588507165,1.20463354800027
"8",9,1.02256546219468,1.25760355081027
"9",10,1.04659225924157,1.2498607277652
"10",11,1.05565284372754,1.26118409784918
"11",12,1.04273562734832,1.32562398705248
"12",13,1.02993986887531,1.2777397725397
"13",14,1.02896246991413,1.35594029960551
"14",15,1.01847686191044,1.3416745394845
"15",16,0.999285571677032,1.3167451627746
"16",17,1.02131314301557,1.33177455239351
"17",18,1.04123409474255,1.37023754442169
"18",19,1.0479401990205,1.28968589794237
"19",20,1.03081621993857,1.32014476375887
