"","time","MRA","LR"
"1",2,0.969966907322382,0.960931884761429
"2",3,0.99815542742043,1.08232294084487
"3",4,1.00156507893028,1.08398559186823
"4",5,1.02437370402355,1.12239672025859
"5",6,1.03326882286258,1.18946002791138
"6",7,1.07448733709869,1.2365118120298
"7",8,1.10281218443972,1.38182969521278
"8",9,1.06624997503545,1.26486570862352
"9",10,1.08405690668527,1.27056161089027
"10",11,1.04313261427261,1.32862566902656
"11",12,1.0329097251625,1.27989549798481
"12",13,1.02767629416147,1.3495892472305
"13",14,1.02688455814186,1.32875195869898
"14",15,1.09164145144738,1.39242453704167
"15",16,1.04601403862528,1.33341517415626
"16",17,1.06765274819035,1.30076402622606
"17",18,1.08380959994526,1.20024784360071
"18",19,1.06799297825027,1.2145310953956
"19",20,1.02227627006372,1.26250217248603
