"","time","MRA","LR"
"1",2,1.0240301559244,1.0657477006207
"2",3,1.0083517506956,1.08151405903581
"3",4,1.08251141332866,1.12952676071501
"4",5,1.04486023747643,1.06681035531114
"5",6,1.02875500251632,1.10248867245295
"6",7,1.05398518520754,1.13601362380857
"7",8,1.06649291468679,1.17827680729602
"8",9,1.07774586574534,1.22268724265252
"9",10,1.04873629060086,1.24140118560043
"10",11,1.08075925673204,1.27319119937134
"11",12,1.03391978300173,1.22049433808114
"12",13,1.00810076495859,1.16990600055796
"13",14,1.04790167379158,1.17411066790561
"14",15,1.04125798192979,1.32603328365287
"15",16,1.05246077715039,1.21869560781546
"16",17,1.02996065777363,1.26513600593831
"17",18,1.01525230779336,1.19302062113087
"18",19,1.06361774440377,1.29328827167881
"19",20,1.06529766179255,1.26820868087637
