"","time","MRA","LR"
"1",2,0.938020849252231,0.995935221736891
"2",3,1.00372064991894,1.06119836834774
"3",4,1.00890956047317,1.09688247653749
"4",5,0.998855115860045,1.136270169206
"5",6,1.03532463339558,1.2077759464
"6",7,1.01241687165663,1.12810071094927
"7",8,1.02972414856211,1.13762493814283
"8",9,1.03328411097787,1.17974279460482
"9",10,1.04708887008648,1.1533067009168
"10",11,0.986276312895099,1.04758308657981
"11",12,1.01324456227732,1.11738430248955
"12",13,1.04392365483281,1.13212328524428
"13",14,1.03447853271508,1.13542578060371
"14",15,1.04847191829306,1.16758565796059
"15",16,1.00264313617652,1.19476305119902
"16",17,1.02401178123435,1.22053772236289
"17",18,1.02976502462526,1.31547896402712
"18",19,1.02005664540705,1.22548116676094
"19",20,1.01969484658595,1.14236328591141
