"","time","MRA","LR"
"1",2,0.941032646731415,0.971298440037279
"2",3,0.977842443439426,1.01913849026601
"3",4,1.01112058078162,1.08981576250839
"4",5,1.03037155450574,1.22526975643628
"5",6,1.00376033158742,1.10130960244731
"6",7,1.02402179700098,1.15593567523626
"7",8,1.00661465841332,1.18016049524783
"8",9,1.0154663634173,1.14194554127566
"9",10,1.03337427930102,1.20992199079429
"10",11,1.02738632002853,1.20232352660569
"11",12,1.02668773169444,1.17214488353277
"12",13,1.0225701879056,1.19029031229939
"13",14,1.07996244078609,1.18752880852494
"14",15,1.12882342328983,1.2334070316668
"15",16,1.036853705352,1.30906063816148
"16",17,1.02905702596749,1.32165776608388
"17",18,1.03679312453889,1.33924116795275
"18",19,1.03469834319807,1.36590472860573
"19",20,1.11436274225682,1.48393762436005
