"","time","MRA","LR"
"1",2,0.973314157711114,0.977433713818009
"2",3,0.988219390041327,1.06008770766874
"3",4,1.00677068745918,1.1004034774219
"4",5,1.0168827440475,1.12058021278856
"5",6,1.03117324102574,1.14278019984124
"6",7,1.0171462927556,1.06614648661986
"7",8,1.04387695788781,1.17144986030757
"8",9,1.0373117093666,1.14412077418291
"9",10,1.01618254278157,1.21460074293282
"10",11,1.03202797987452,1.29228102695807
"11",12,1.07734615009892,1.27892236038107
"12",13,1.07032801852735,1.44056114204645
"13",14,1.04582867895657,1.44890368758337
"14",15,1.00578161476721,1.32172879907285
"15",16,1.05808587120803,1.39521450024636
"16",17,1.05710033576731,1.35842789299491
"17",18,1.01962162105583,1.28236759671261
"18",19,1.03855009000369,1.24703811787073
"19",20,1.07733386528369,1.18004423215222
