"","time","MRA","LR"
"1",2,0.973047585334573,0.982440224527072
"2",3,1.0442803454045,1.1076396640921
"3",4,1.01914130879007,1.17833288447405
"4",5,1.01862377003779,1.16167020899734
"5",6,1.02319926376315,1.16566939903107
"6",7,1.06012162813702,1.25528372576106
"7",8,1.00219709409229,1.2156888561358
"8",9,1.00357269322081,1.16997834988199
"9",10,1.03407867846162,1.17291474145891
"10",11,1.04425018710445,1.15884781356886
"11",12,1.05044345518744,1.23589702893963
"12",13,1.06392216851351,1.32599687074479
"13",14,1.03263330067963,1.31767241034649
"14",15,1.02910021878052,1.29141490863256
"15",16,0.999928778090071,1.27747201615239
"16",17,1.04113340173841,1.2968461995151
"17",18,1.02659812904945,1.30057768219129
"18",19,1.03124836211778,1.22500775791611
"19",20,1.07391918453766,1.3006386821979
