"","time","MRA","LR"
"1",2,0.973210799349358,0.977175909995277
"2",3,1.05010992572478,1.08985214853713
"3",4,1.00738325891571,1.0708601482139
"4",5,1.07035832432081,1.18961090758684
"5",6,1.05758932684875,1.20058765301518
"6",7,1.01809643982256,1.18483023525053
"7",8,1.01763159050856,1.17220361585191
"8",9,0.998649143293691,1.16783932922827
"9",10,1.05593755821649,1.18813848548906
"10",11,1.03892163161851,1.2882148730338
"11",12,1.04675238575406,1.19536748247468
"12",13,1.01461202798135,1.18558348817109
"13",14,0.977012046543406,1.11539956287795
"14",15,1.00237695148016,1.14269711316918
"15",16,1.03634885765199,1.33236269597539
"16",17,1.03139125208727,1.3806536715857
"17",18,1.02776780783291,1.27878996549951
"18",19,1.03852019818152,1.24371023418875
"19",20,0.998707671587892,1.17516192551103
