"","time","MRA","LR"
"1",2,0.99183609568592,1.0273210968721
"2",3,1.01207275576808,1.0409258613422
"3",4,1.07508075752601,1.15003270953013
"4",5,1.01653112438232,1.14031711793359
"5",6,1.04049148831577,1.11356774247008
"6",7,1.06862719015464,1.15404282597392
"7",8,1.02175526545874,1.0900481153442
"8",9,1.03924925667249,1.20411191357729
"9",10,1.02506271708919,1.19324224900963
"10",11,1.02955872428638,1.20189287793875
"11",12,1.01415145094197,1.19889134855259
"12",13,1.02323703603588,1.21574319736315
"13",14,1.01469032799896,1.2947211772254
"14",15,1.03719691527382,1.23095259746893
"15",16,1.05301960242238,1.32761364978641
"16",17,1.04616059321937,1.31356408292233
"17",18,1.05973625806616,1.30162392843718
"18",19,1.04744534794045,1.33468939719361
"19",20,0.996891821476131,1.18721431121175
