"","time","MRA","LR"
"1",2,0.970836670301104,1.00848051924548
"2",3,0.984025399041283,1.04691907416738
"3",4,1.00579096810211,1.12000150382394
"4",5,1.01183806862021,1.12212858159266
"5",6,1.02951272229471,1.17614128263478
"6",7,1.01464677205753,1.26596589412361
"7",8,1.0259084904032,1.21379990384906
"8",9,1.01255187968486,1.33681731219347
"9",10,1.0637313729944,1.32026988676408
"10",11,1.0666127284508,1.28059900987373
"11",12,1.04202555743755,1.2706074974159
"12",13,1.0449784381516,1.29970993195458
"13",14,1.02734295935388,1.30022445209863
"14",15,1.08331865699612,1.29357952296126
"15",16,1.07137536851341,1.20793328445971
"16",17,1.06431636890381,1.28121198819422
"17",18,1.05232036930903,1.396307054213
"18",19,0.999418017698637,1.36410363667779
"19",20,1.03054549079541,1.34070790626191
