"","time","MRA","LR"
"1",2,0.996539149648105,1.04865657548934
"2",3,1.00939707314506,1.08170278747338
"3",4,0.99749309347234,1.06972103229218
"4",5,1.06326632383739,1.13785463001335
"5",6,1.02145664583098,1.11083345510571
"6",7,1.02533326929767,1.11334010951044
"7",8,1.04928280505105,1.07668370154929
"8",9,1.00971907184258,1.14534075613394
"9",10,1.05496896829758,1.13409975875279
"10",11,1.02741330907877,1.15717257583696
"11",12,1.03546894218171,1.16495851279771
"12",13,0.995388515988799,1.22571333048022
"13",14,1.03870066499297,1.27955090612896
"14",15,1.04335663746486,1.309788429682
"15",16,1.03651283108097,1.34559520500169
"16",17,1.03027735350366,1.28722153185256
"17",18,1.09180576702199,1.28376774600217
"18",19,1.0648806550366,1.17399846074837
"19",20,1.03165444195064,1.25998878341859
