"","time","MRA","LR"
"1",2,0.917144909507813,0.987806849967919
"2",3,0.99431904245301,1.05902422910317
"3",4,0.983963737589126,1.08944382849603
"4",5,1.00952520155378,1.11742755653318
"5",6,1.0101785428253,1.15779344014437
"6",7,1.0184551622416,1.23377358596349
"7",8,1.00356180111392,1.27754945016567
"8",9,1.00053575377384,1.25897547564323
"9",10,1.01479121416236,1.18079390397446
"10",11,0.986664750481974,1.21940564782686
"11",12,0.963162257509626,1.23155140796678
"12",13,1.03759843119823,1.25293447440717
"13",14,1.06456968075458,1.24694690854496
"14",15,1.08393480540521,1.32237092043029
"15",16,1.07416156187452,1.38666894730495
"16",17,1.05245930688278,1.18184227387877
"17",18,1.03780447857738,1.27042546437249
"18",19,1.02521027224321,1.37261654653056
"19",20,1.08502076919799,1.44293216606831
