"","time","MRA","LR"
"1",1,0,0
"2",2,142.132177150589,447.257661501544
"3",3,78.7521348234912,473.317161243969
"4",4,66.5654102379982,488.676591006264
"5",5,80.938565250214,529.162941438262
"6",6,95.5856536625181,615.017938714016
"7",7,117.321652369701,831.380709990663
"8",8,105.723053572757,1024.9114323012
"9",9,90.8669013084028,810.29709267718
"10",10,70.1369136821038,784.100143169962
"11",11,90.9585701544427,843.607906205379
"12",12,105.803835786501,881.932177086841
"13",13,127.930085624593,1079.98521566692
"14",14,137.406504594872,1102.01556818134
"15",15,121.63208685887,1092.34223678982
"16",16,134.219516766784,983.118247623045
"17",17,146.423142793071,1173.96399663964
"18",18,93.9774940086238,974.937778362682
"19",19,96.2443025825794,935.093837591365
"20",20,99.3295596196357,894.549963000502
