"","time","MRA","LR"
"1",1,0,0
"2",2,142.555618804265,480.047611881435
"3",3,86.6555647155645,575.907382179181
"4",4,71.3025029253606,592.682951033703
"5",5,87.5219889759072,771.623639225116
"6",6,90.8740917864336,740.300098642657
"7",7,116.282003920737,793.012902351263
"8",8,116.609091669437,876.230335408544
"9",9,155.340687699253,1036.25420104562
"10",10,145.498046230596,1218.82969403866
"11",11,140.480028160763,1260.34863014216
"12",12,138.926832350002,1316.90148744291
"13",13,116.155749001232,1189.0682484469
"14",14,111.092958820627,1086.24724583438
"15",15,126.843213608525,1056.70937423615
"16",16,124.016408777553,836.458913319323
"17",17,107.099015210466,828.475678936527
"18",18,84.0204253249447,862.923860705669
"19",19,108.053597204138,843.877374045426
"20",20,122.100846992893,867.73735570595
