"","time","MRA","LR"
"1",1,0,0
"2",2,131.519277426791,481.489740301332
"3",3,63.8324582756596,536.234271478524
"4",4,70.7327660132534,628.409064000939
"5",5,74.1370195973134,704.644699823875
"6",6,87.0083453024706,774.443641496261
"7",7,107.593425273121,749.06968188369
"8",8,116.618452063935,792.109577480973
"9",9,148.598679910786,723.949503538822
"10",10,126.196320354381,807.146870571013
"11",11,119.60668852759,957.015716227819
"12",12,146.53896048672,986.600335910023
"13",13,128.723623602124,1141.78829095074
"14",14,115.632410799626,1295.09234287466
"15",15,112.198091174188,1118.36475592559
"16",16,124.073941700533,1100.60857653678
"17",17,142.073861683252,1234.79270066287
"18",18,124.800757511352,1033.87364449404
"19",19,133.18563866368,983.482235266881
"20",20,165.750512447218,988.142598801474
