"","time","MRA","LR"
"1",1,0,0
"2",2,141.402104907973,476.451193438911
"3",3,108.127055676382,543.558724031899
"4",4,98.631132250674,665.221155663417
"5",5,109.974519064406,710.614208404644
"6",6,107.279656289935,672.179057289766
"7",7,112.550606030583,769.082223230302
"8",8,120.471965235553,746.36084886944
"9",9,116.999034948707,836.865043138385
"10",10,138.725838732208,804.936576701667
"11",11,150.090778102883,1068.80737771981
"12",12,145.314313037992,1150.01592429447
"13",13,141.926577641358,1066.47100550405
"14",14,137.763892405512,1008.63957900743
"15",15,142.981242813919,988.089952637
"16",16,110.018680181366,1062.92488159691
"17",17,121.448859112724,1131.86257889262
"18",18,147.064437415481,1248.63194694237
"19",19,126.124777692613,1296.54293518451
"20",20,143.617139950892,1241.8339916046
