"","time","MRA","LR"
"1",1,0,0
"2",2,112.848278690802,474.320791245253
"3",3,92.7948440640295,637.699489438515
"4",4,75.5829926768806,601.331258296291
"5",5,95.2433969559817,654.098496459415
"6",6,116.560694765191,782.642469121372
"7",7,105.337626545965,722.957779926024
"8",8,131.401962609786,839.727305079974
"9",9,140.746709214284,809.490844879594
"10",10,111.323556439364,817.095696736951
"11",11,110.456011369531,800.678129410092
"12",12,105.546919365828,821.216374950772
"13",13,130.407531883044,978.701963415468
"14",14,116.781300043191,913.0858914717
"15",15,99.8867780926001,1047.41135152395
"16",16,116.467867501998,1149.14818959952
"17",17,112.68050493748,1174.45526587899
"18",18,117.530574446804,1003.51016087864
"19",19,120.868085023771,1061.13375343173
"20",20,122.384258502757,1018.24771080791
