"","time","MRA","LR"
"1",1,0,0
"2",2,126.044985338046,479.549822666167
"3",3,66.1003504746363,591.059528179887
"4",4,81.6493207389885,688.256420347974
"5",5,78.4243567759295,684.987078083638
"6",6,107.533789718016,823.684657340335
"7",7,120.718980972704,829.68060152768
"8",8,122.821488864134,832.912229047159
"9",9,132.831246385862,927.041757850226
"10",10,139.361458722506,1060.68677514426
"11",11,119.56639331967,1067.72145133988
"12",12,133.925160570022,1073.93458588946
"13",13,129.930407658282,1176.24831556141
"14",14,134.017679751089,1130.69839580867
"15",15,107.759364281805,1085.92271674376
"16",16,111.972839555688,1168.00349549646
"17",17,102.761775892425,1157.55069943538
"18",18,95.2891614141104,1195.66299012723
"19",19,120.659357243895,1325.8341157786
"20",20,135.145745340374,1340.90490565354
