"","time","MRA","LR"
"1",1,0,0
"2",2,121.279466602502,449.933491109633
"3",3,91.3039061242202,535.716971181594
"4",4,87.945342728273,716.022772043417
"5",5,106.589369863029,741.685699809754
"6",6,106.394123306073,903.590236496374
"7",7,111.027377810634,972.537924821863
"8",8,109.124015754694,1029.82595178146
"9",9,84.5973870763307,899.071941294909
"10",10,95.715539934396,820.768914660955
"11",11,117.307661643845,965.677035472782
"12",12,132.147363956218,961.36121691767
"13",13,136.637372789087,902.555367995665
"14",14,114.225183393363,1026.81096356286
"15",15,155.180328428144,985.08667811293
"16",16,135.971534570335,1008.17752118662
"17",17,157.566900847765,950.544378572844
"18",18,155.983893320593,1007.36640396995
"19",19,123.671329216241,887.78408743726
"20",20,121.043758503656,935.911924361883
