"","time","MRA","LR"
"1",1,0,0
"2",2,130.647103589358,440.577705379697
"3",3,73.3710245735238,463.513472722192
"4",4,77.9154153159399,536.030977614932
"5",5,101.611379528594,658.273635065011
"6",6,94.8229156054465,658.330084754486
"7",7,116.903556231843,721.268727051498
"8",8,143.879807870522,854.012622069529
"9",9,109.914694485511,863.904046804003
"10",10,131.022667738838,836.756457390491
"11",11,131.433304388047,945.143495900073
"12",12,144.277984670154,1011.00405107666
"13",13,141.65087370679,1134.04122255783
"14",14,117.231312580543,1184.21919955039
"15",15,116.107027002666,1144.04364352352
"16",16,149.539965596887,1221.24476281533
"17",17,122.535479392849,1106.67682599414
"18",18,136.995546856771,1351.6510580835
"19",19,140.455832784936,1291.26768019976
"20",20,170.722172907677,1293.03070745602
