"","time","MRA","LR"
"1",1,0,0
"2",2,128.853665627717,484.578773213907
"3",3,105.963301904752,604.815529597526
"4",4,108.79636988766,718.699066452343
"5",5,138.400186522776,793.992224819401
"6",6,159.26849466337,837.244341945116
"7",7,145.096584881902,940.909653042665
"8",8,112.107036651108,928.666413974891
"9",9,107.892230910511,929.482614813063
"10",10,118.469874147419,1037.85758661669
"11",11,123.626706411198,1167.43963451688
"12",12,110.674197405706,1135.62517341048
"13",13,126.653861251729,1126.32359302096
"14",14,126.952797364179,1260.46407874535
"15",15,130.079313301551,1225.88911969215
"16",16,106.760622493273,1366.93639604801
"17",17,103.106179589482,1372.16503675626
"18",18,114.420665066661,1329.46985420501
"19",19,117.044904407773,1286.68518780889
"20",20,111.547806395906,1208.34102549755
