"","time","MRA","LR"
"1",1,0,0
"2",2,143.609420033892,493.639449037786
"3",3,93.7072409219479,574.53254582602
"4",4,75.4431512802407,495.922782144591
"5",5,84.7280521641354,650.717114398851
"6",6,107.31836032101,779.549852690379
"7",7,128.08370445441,968.830728490883
"8",8,144.601211876271,1057.20360053824
"9",9,144.691228361172,887.852688990164
"10",10,101.80630095683,906.937500913878
"11",11,94.2943319183878,959.541006632143
"12",12,110.664657951995,1101.56695626393
"13",13,120.829123365704,1247.44043844319
"14",14,130.778448408757,1250.4650753072
"15",15,126.00336166678,1485.60456309262
"16",16,152.289229840106,1623.28540081355
"17",17,137.621827514625,1470.27648102267
"18",18,132.413220456473,1361.54205070509
"19",19,135.134647185406,1458.78826282868
"20",20,136.849458532607,1463.91484181395
