"","time","MRA","LR"
"1",1,0,0
"2",2,127.443828420428,438.188231193575
"3",3,85.3725529732387,533.980222085545
"4",4,106.752226285719,628.618340910022
"5",5,104.285174692286,679.963471023525
"6",6,108.893981039849,791.758085192865
"7",7,106.007275807338,720.171920428866
"8",8,129.631549612679,775.527149010856
"9",9,123.916360057148,941.185726424916
"10",10,101.046153095087,822.901763802195
"11",11,116.078315772288,772.078990283344
"12",12,122.837454906493,783.292215069709
"13",13,112.996292259442,873.552535109384
"14",14,114.425199913434,896.500521619339
"15",15,142.284094961947,932.127300374076
"16",16,137.098651287945,1038.10033677127
"17",17,144.603962481924,1066.87312853637
"18",18,138.336866225541,1008.84659960268
"19",19,129.068106979716,941.997259076075
"20",20,147.423056019213,947.664646642916
