"","time","MRA","LR"
"1",1,0,0
"2",2,115.358952548175,467.950397468862
"3",3,78.9648428936621,502.666646862068
"4",4,89.2768622418624,582.104144479179
"5",5,82.6756062226654,683.15868194797
"6",6,107.373777474591,873.407449024289
"7",7,108.790513457861,783.107824099912
"8",8,129.14287985649,749.775931537865
"9",9,142.228944885035,865.498356578298
"10",10,143.049885553598,899.156597892369
"11",11,166.307470907478,875.309409028739
"12",12,142.691222487764,827.582219682708
"13",13,141.128884174243,922.628488991949
"14",14,139.398873580491,951.458843720671
"15",15,128.888307341221,969.592358661749
"16",16,126.634471543741,1007.701683863
"17",17,116.49120893209,1011.0599727454
"18",18,148.938089808122,1208.086684101
"19",19,147.637514961313,1028.12806879148
"20",20,140.240693977072,1099.55245566198
