"","time","MRA","LR"
"1",1,0,0
"2",2,127.664110854388,472.935248750093
"3",3,75.0404269262127,459.517979913123
"4",4,78.8187500355724,614.066962310883
"5",5,94.0854559295083,766.326121416783
"6",6,128.785319436639,857.977158936482
"7",7,145.312814745295,848.925640055243
"8",8,132.086165007808,963.41660829788
"9",9,140.479111696894,1093.14184112985
"10",10,118.82984910013,1012.5405531998
"11",11,133.124079278668,1005.24541850288
"12",12,116.206070276741,1110.04082999206
"13",13,135.084847426124,1193.14731427324
"14",14,132.226643430579,1234.35399059927
"15",15,109.976929760774,1208.03461701935
"16",16,104.661939430312,1165.70957665847
"17",17,119.429303680243,1127.84884349852
"18",18,108.480571235426,999.34701481978
"19",19,127.466940006336,1062.3864412475
"20",20,130.493689204938,1193.93162072484
