"","time","MRA","LR"
"1",1,0,0
"2",2,122.272909687088,461.978786261047
"3",3,93.9948789218729,476.031047377875
"4",4,110.132510994491,609.61354470354
"5",5,111.201284081165,698.277688919282
"6",6,114.832642445357,768.736014176739
"7",7,121.6740079993,945.257873341905
"8",8,113.698438293389,957.872648892924
"9",9,108.046742330839,882.863215561002
"10",10,113.960056397682,875.064741126402
"11",11,115.980092975189,970.113718583458
"12",12,108.397857375773,930.550316372197
"13",13,114.656439927099,924.778666444114
"14",14,145.672010362156,973.846218030371
"15",15,117.178118042726,1175.40929724519
"16",16,124.26126784902,1242.39847625372
"17",17,133.393099634221,1276.63315111969
"18",18,141.264436217248,1152.56105557401
"19",19,141.95860874381,1245.56421444766
"20",20,138.346160013118,1243.12465040613
