"","time","MRA","LR"
"1",1,0,0
"2",2,126.422648537563,499.484112651192
"3",3,74.5727106564078,591.619702007685
"4",4,80.040991725184,684.135792253126
"5",5,104.671432416566,758.599426024732
"6",6,84.0011360042162,821.085157932946
"7",7,100.004951733727,930.143779082646
"8",8,93.0834654672811,890.761339962957
"9",9,92.1569024802633,813.730762457216
"10",10,81.1074014870246,841.086473786291
"11",11,92.860422035703,786.376754255665
"12",12,111.943422360011,877.058945476956
"13",13,123.711234867161,995.211774196548
"14",14,122.628587375158,917.803863290228
"15",15,105.779047324225,930.411256812176
"16",16,91.7623675880475,879.561596689144
"17",17,104.314012334534,825.675412279211
"18",18,114.935339292318,953.843887867098
"19",19,138.737952667842,1162.72226136779
"20",20,130.812518024034,1115.500651209
