"","time","MRA","LR"
"1",1,0,0
"2",2,151.940254452881,563.595818691315
"3",3,90.0604957019877,562.670704319439
"4",4,80.4731353246278,649.805380206111
"5",5,114.536482371426,728.527513756259
"6",6,105.656778806885,774.465166947103
"7",7,126.526823076811,783.617331132462
"8",8,102.737700094802,733.961944713169
"9",9,110.927693141219,815.070857731632
"10",10,140.472581074306,894.918549688596
"11",11,120.692012541812,897.587061136896
"12",12,116.315994287927,868.83331571127
"13",13,107.266573886872,840.702656395986
"14",14,119.113083967332,806.371472505361
"15",15,110.317644662066,980.573047286877
"16",16,125.279251379706,973.256803873122
"17",17,122.764216838763,916.991631560387
"18",18,150.369061886569,1018.56392711631
"19",19,147.811465831619,945.470513870905
"20",20,122.48182854425,906.713891474207
