"","time","MRA","LR"
"1",1,0,0
"2",2,132.653674468621,469.345998564114
"3",3,66.774606683197,430.38512184153
"4",4,90.6863034290902,544.17070239414
"5",5,99.4788327618687,693.296300565864
"6",6,110.596043744414,767.425161354572
"7",7,120.9381386379,823.967661194833
"8",8,139.927295920648,869.300982381744
"9",9,127.871049095056,964.434838050221
"10",10,130.767286540434,1028.4579536579
"11",11,106.556852267646,1004.35701070702
"12",12,104.541972600721,1025.96298747404
"13",13,118.083092696343,1176.242888277
"14",14,94.2264331343887,1081.07990374541
"15",15,101.879223791682,1087.24715442304
"16",16,98.0604581161457,982.987963937467
"17",17,108.207861433524,1025.84301080628
"18",18,122.46203783629,1154.36760006188
"19",19,151.735221074062,1148.70714770825
"20",20,129.846477907356,1138.33517465109
