"","time","MRA","LR"
"1",1,0,0
"2",2,116.064732762334,422.216718719214
"3",3,88.818291027813,579.140185813924
"4",4,103.013520674832,802.792792970058
"5",5,129.452283144939,988.059079383385
"6",6,115.387834972769,867.097614062177
"7",7,114.927096150851,949.744936089989
"8",8,147.110286588973,1044.98169212382
"9",9,131.532774321839,1040.45832161807
"10",10,137.375280464261,1080.56948180607
"11",11,135.309852281644,1071.50212551803
"12",12,111.001962823202,1071.32741148132
"13",13,114.044011207633,1063.82780379835
"14",14,104.82116847455,1128.31067236676
"15",15,130.887202837258,1105.97198740411
"16",16,113.861287586529,1248.92489927537
"17",17,152.526253232311,1146.62349256915
"18",18,152.275399697654,1093.46303014829
"19",19,136.271951974541,1054.58284426293
"20",20,119.538619666447,1042.97179909046
