"","time","MRA","LR"
"1",2,1.00116983656764,1.07005102051506
"2",3,1.0351767679959,1.07350466951385
"3",4,1.00931120195365,1.05437538376957
"4",5,1.01077445100494,1.09275857668033
"5",6,1.05764948561512,1.15202154245654
"6",7,1.04553113635477,1.14570971703786
"7",8,1.05927476938081,1.17804883559995
"8",9,1.04650790945724,1.1771257679436
"9",10,1.01780708792032,1.18689759033927
"10",11,1.02858854152598,1.21606335002607
"11",12,1.02022599972647,1.21730635527606
"12",13,1.02881001853845,1.24869994655299
"13",14,1.03682496567218,1.27274768149276
"14",15,1.04368288850409,1.34504207111903
"15",16,1.06840848601953,1.47799721161138
"16",17,1.05054961513436,1.44690128502718
"17",18,1.05880923566739,1.514169936613
"18",19,1.06772359010193,1.42754739442107
"19",20,1.06747917355871,1.44333798051442
