"","time","MRA","LR"
"1",2,1.00194527182042,1.01353364470001
"2",3,1.04482215261365,1.07903258092548
"3",4,1.00465967437614,1.04892125785723
"4",5,1.01693542361338,1.07167846742473
"5",6,1.026835237124,1.11658499482892
"6",7,1.04623965409101,1.20508387619325
"7",8,1.04185274010102,1.20669429913308
"8",9,1.03262551631742,1.23021776638608
"9",10,1.03555435889981,1.20884656683612
"10",11,1.03696893327934,1.22936051614798
"11",12,1.01766311287336,1.21057619905205
"12",13,1.02084898278754,1.2019174918836
"13",14,1.06643513336521,1.259611526773
"14",15,1.0375530168094,1.23112045092951
"15",16,1.03645578605392,1.28708994808674
"16",17,1.04979068140207,1.2632015028954
"17",18,1.0540049775496,1.26456146105383
"18",19,1.08057152058743,1.31301004264436
"19",20,1.07279129592983,1.26236131499834
