"","time","MRA","LR"
"1",2,0.99134461820756,1.0108061703426
"2",3,1.02220456530784,1.04163882479306
"3",4,1.01895985388883,1.07223478371475
"4",5,1.05074682456985,1.1461189877543
"5",6,1.05834705637718,1.19052717161778
"6",7,1.05028513033684,1.17667734392145
"7",8,1.02096650877702,1.14329893201974
"8",9,1.04410460747238,1.15221246639632
"9",10,1.05053851515985,1.21403251404918
"10",11,1.06316731791866,1.21347123720304
"11",12,1.06441884576256,1.1679608781196
"12",13,1.06564217698527,1.17839289558828
"13",14,1.060167585402,1.24799378721653
"14",15,1.06359246745349,1.22495236578607
"15",16,1.05917506834866,1.23542406234088
"16",17,1.03406752470875,1.18377771884001
"17",18,1.04305432783718,1.23963375041205
"18",19,1.03350926426112,1.25328330903897
"19",20,1.0518561528189,1.27040817828624
