"","time","MRA","LR"
"1",2,0.992150301914646,0.96163411149814
"2",3,1.00622410019663,1.0060944306441
"3",4,0.998995739466871,1.06291285002633
"4",5,0.960765177891258,1.06717624271985
"5",6,0.999395022043127,1.111212600552
"6",7,0.994632626020003,1.13530232744002
"7",8,0.990526154171957,1.11159718573164
"8",9,1.0099880357463,1.168695137377
"9",10,1.03571056334164,1.23906636848367
"10",11,1.00867287723811,1.23600907510423
"11",12,1.05767449449205,1.33413224554599
"12",13,1.03877116455754,1.18667232659037
"13",14,1.03231141960411,1.20097507397695
"14",15,1.03247181428104,1.2438238276219
"15",16,1.02261790591225,1.29591981709587
"16",17,1.04249895632544,1.31202360949514
"17",18,1.02613758582723,1.41898365973332
"18",19,1.03370993574325,1.37716383632658
"19",20,1.00739908860581,1.33100850284724
