"","time","MRA","LR"
"1",2,0.981296623141247,0.96486368151815
"2",3,1.05354196355294,1.04111333261636
"3",4,1.00214804630837,1.05811692514119
"4",5,1.01196397803757,1.131482094311
"5",6,0.973750281674552,1.03334524931494
"6",7,1.00774283197054,1.05678219275849
"7",8,1.07319898715183,1.2064532997123
"8",9,1.0331165518947,1.12544862307966
"9",10,1.03423447636137,1.12011868427634
"10",11,1.02530292301314,1.14270899939573
"11",12,1.00821013672129,1.21145832718895
"12",13,1.05670179313403,1.26642550849337
"13",14,1.03327206400047,1.29623008229883
"14",15,1.03991379910421,1.28084096013751
"15",16,1.03459604497605,1.24705540111451
"16",17,1.02966241908191,1.26018822599746
"17",18,1.05176603397647,1.25435726817494
"18",19,1.03135745278697,1.25917017656121
"19",20,1.04274218086826,1.30444286652698
