"","time","MRA","LR"
"1",2,0.994510352722709,1.00012622031384
"2",3,0.994813121832029,1.02461399321207
"3",4,1.0025760918791,1.0902380400578
"4",5,1.02341551771321,1.11502471271692
"5",6,1.0697905705793,1.16698234088787
"6",7,1.06648184831461,1.20785807746842
"7",8,1.03336086938095,1.19882545310094
"8",9,1.04667112020684,1.1694537820182
"9",10,1.04652365742314,1.20351612648922
"10",11,1.01821983812077,1.18595554401082
"11",12,1.02996131665334,1.23484607473875
"12",13,1.02896950128802,1.2276864135451
"13",14,1.0602213320768,1.2419090210249
"14",15,1.03378473604535,1.22602171478927
"15",16,1.04202628943924,1.2180610356118
"16",17,1.05293031346345,1.30780877921783
"17",18,1.00979543148654,1.28901267916629
"18",19,0.995902789395899,1.25566604543829
"19",20,1.01986729732474,1.25365886427528
