"","time","MRA","LR"
"1",2,1.01785647384432,1.01290233126037
"2",3,0.997279430632352,1.03100464882379
"3",4,1.0105661425298,1.07833337016069
"4",5,1.00348403019316,1.07217133055321
"5",6,1.0443588771552,1.18349345814626
"6",7,1.06649030180657,1.24771032637537
"7",8,1.06699587691254,1.11862342056824
"8",9,1.0323745558641,1.15337715452089
"9",10,1.0350500781032,1.20983827105836
"10",11,1.03694035612607,1.27333163438003
"11",12,1.02983617265492,1.2237480042503
"12",13,1.03208357688119,1.13332140177872
"13",14,1.05848950227851,1.18479806518192
"14",15,1.03209473579366,1.13968588162151
"15",16,1.06372694419958,1.23118283476193
"16",17,1.03154421274426,1.1790112467922
"17",18,1.03681373790409,1.2192607805595
"18",19,1.07076801849045,1.19394635376184
"19",20,1.05154899159219,1.21628847738
