"","time","MRA","LR"
"1",2,0.96266821005348,0.957221936870235
"2",3,1.01093174393061,1.03132809678801
"3",4,1.01891062371965,1.0861825249709
"4",5,1.00895783518755,1.09124370121364
"5",6,1.02782827411375,1.19199624212201
"6",7,1.02178788168268,1.19761324321564
"7",8,1.04091470791042,1.22345124650787
"8",9,1.02155890123283,1.20358551716763
"9",10,1.01795618578233,1.16493094895382
"10",11,1.02231026937092,1.22325763784071
"11",12,0.998097404857402,1.1942272787404
"12",13,1.00773137153438,1.23274698868647
"13",14,1.01623181453386,1.23691715907947
"14",15,1.00726255734153,1.13660382789196
"15",16,1.02331499946938,1.20081977194767
"16",17,1.06133480144144,1.32254370920257
"17",18,1.00025493993948,1.23111138354699
"18",19,1.05666588929393,1.30726884312638
"19",20,1.06421709316636,1.39880358166711
