"","time","MRA","LR"
"1",2,1.06514879048038,1.07985498379223
"2",3,1.03584404577753,1.0551419218814
"3",4,1.00070737684185,1.12081853413252
"4",5,1.01161010736424,1.09486806408857
"5",6,0.995991101350416,1.09184207854038
"6",7,1.04372739677677,1.20902892108486
"7",8,1.03642123525498,1.2078918360881
"8",9,1.06568869814918,1.23435836484267
"9",10,1.10620791716523,1.27022780816107
"10",11,1.07776626855402,1.34207181047014
"11",12,1.04616385373842,1.28807758391159
"12",13,1.04098567180115,1.27496560333375
"13",14,1.02087217364039,1.26084826201498
"14",15,1.03028141660529,1.20892503466675
"15",16,1.04229239741917,1.20624699154544
"16",17,1.06096214285133,1.24168072614461
"17",18,1.06320252558818,1.23449353349056
"18",19,1.06962145678459,1.29825610697483
"19",20,1.09894748621745,1.355095883236
