"","time","MRA","LR"
"1",2,1.01271291096048,1.01797681869241
"2",3,1.04713108315479,1.03764306299758
"3",4,1.01609419635445,1.01448646980187
"4",5,1.05346412092356,1.10910465695689
"5",6,1.06361397491025,1.13207694094112
"6",7,0.988013920009881,1.08987816497412
"7",8,1.06991627182629,1.09199855076763
"8",9,1.03126990269376,1.05803691260097
"9",10,1.00625010729481,1.10774439910153
"10",11,1.02961872352726,1.23488031387878
"11",12,1.04237468989876,1.24847469772602
"12",13,1.04792276914003,1.20024523384503
"13",14,1.04229850069398,1.18416144483328
"14",15,1.02999324176982,1.19365659186561
"15",16,1.00082359993719,1.11093917763114
"16",17,1.04042471182253,1.12415189387169
"17",18,1.00089397138788,1.14116338258404
"18",19,0.996348291975666,1.08875884410327
"19",20,1.00053329439566,1.15575963026832
