"","time","MRA","LR"
"1",2,0.984265193441084,1.01160595481558
"2",3,1.02143847791619,1.00950913145837
"3",4,1.02823028283335,1.08380378844566
"4",5,1.02455541896545,1.10403333896327
"5",6,1.04473490305454,1.11301120402134
"6",7,1.03978132734512,1.12612011853489
"7",8,1.01806181446733,1.16586273258015
"8",9,1.07492376731892,1.23992486988412
"9",10,1.08609598974042,1.31545065248528
"10",11,1.0774191607332,1.28585509776086
"11",12,1.05968856192694,1.33447176823915
"12",13,1.050449363024,1.21584825047738
"13",14,1.08132333463457,1.23749664471595
"14",15,1.05381270631048,1.25479554545078
"15",16,1.03105724461619,1.20264146550977
"16",17,1.06161628619024,1.24900903721242
"17",18,1.08413016676919,1.30964277011613
"18",19,1.05450813561476,1.27574652551393
"19",20,1.04571163462701,1.23704795280096
