"","time","MRA","LR"
"1",2,1.00738591010724,1.06992203042158
"2",3,0.97361200170879,1.11179271339094
"3",4,1.01934948483599,1.17692491720153
"4",5,1.02625662187416,1.1066388004823
"5",6,1.02795939617522,1.18961031481127
"6",7,1.07035969487809,1.32772517733157
"7",8,1.05852558158253,1.26237082929886
"8",9,1.06211398889307,1.28027991282697
"9",10,1.06266059694493,1.29517884937001
"10",11,1.00656832681373,1.19414585837351
"11",12,1.05241148612338,1.28086891981262
"12",13,1.06221908234174,1.3199045843275
"13",14,1.07320131621408,1.32127228655141
"14",15,1.05757925862574,1.28609639368607
"15",16,1.02879286799952,1.32970319003953
"16",17,1.04660750121665,1.33541201554766
"17",18,1.02248939123148,1.19797391114129
"18",19,1.03369338490663,1.21812982174455
"19",20,1.00583036001912,1.26283384974407
