"","time","MRA","LR"
"1",2,1.01534684392459,1.03855136398947
"2",3,1.04203986410084,1.13541887771309
"3",4,1.01842316746425,1.08224064759244
"4",5,1.02344194366799,1.12375128839429
"5",6,1.02141546646501,1.17454918858135
"6",7,1.00325470399723,1.14223895894932
"7",8,1.05070415987926,1.19273604538627
"8",9,1.06225087286843,1.29667348781099
"9",10,1.04062245963704,1.23708333740822
"10",11,1.05503291251079,1.2254871771677
"11",12,1.04564602803668,1.18314757514222
"12",13,1.01821452293077,1.19195918910756
"13",14,1.04426416583289,1.21047700590307
"14",15,1.02507695543169,1.24404674064734
"15",16,1.05654120835316,1.28313946305143
"16",17,1.03595427835863,1.26432202147172
"17",18,1.02514729863257,1.22225207542513
"18",19,1.03029174286425,1.16854838655426
"19",20,1.03114715004931,1.1780103159942
