"","time","MRA","LR"
"1",2,0.951481629539457,1.05465256592999
"2",3,0.997357526156006,1.06068158349782
"3",4,1.01643611551253,1.13349347963091
"4",5,1.05790266903038,1.12209222631127
"5",6,1.06744355174326,1.15157273390707
"6",7,1.01701158722133,1.13891951954532
"7",8,1.04070314976826,1.16442103658556
"8",9,1.04547592492695,1.11485200636035
"9",10,1.03540084794867,1.10545271743483
"10",11,1.02100104043487,1.21047241925964
"11",12,0.980126152409756,1.16369699704334
"12",13,0.997421746484629,1.15495615934496
"13",14,0.996269652685996,1.22724946751713
"14",15,1.0501982094562,1.24501643043789
"15",16,1.0571692867338,1.21660554698743
"16",17,1.04776014288173,1.29766670210747
"17",18,1.07783399714461,1.37178747238568
"18",19,1.04615268817746,1.28641161748445
"19",20,1.03715623449696,1.32070501384511
