"","time","MRA","LR"
"1",2,0.978061449499757,1.03519089224713
"2",3,0.943540846730567,1.06452098102811
"3",4,1.01509338843907,1.0789645226912
"4",5,1.03048312143596,1.13855714871466
"5",6,1.02543087583114,1.15059798914029
"6",7,1.03582791847608,1.23859136456502
"7",8,1.02240757632265,1.25192259315755
"8",9,1.0459493318304,1.25432364343128
"9",10,1.07047671148872,1.51747517932286
"10",11,1.10341459581116,1.49399711617936
"11",12,1.07505257320748,1.4685649003261
"12",13,1.06952742974963,1.4091547454221
"13",14,1.0802774105028,1.37855761526376
"14",15,1.06994294040757,1.44116063372678
"15",16,1.08600775035533,1.42845791518135
"16",17,1.0636707926202,1.4123544714048
"17",18,1.08644443396861,1.27914283283146
"18",19,1.07543433820947,1.20043275643038
"19",20,1.14711524342556,1.34059222881479
