"","time","MRA","LR"
"1",2,0.991870552069199,1.0154760238513
"2",3,1.01952134084704,1.04232272895334
"3",4,1.03345156691602,1.12642840784433
"4",5,1.03992690839802,1.17893456325453
"5",6,1.06927033936669,1.19155595120391
"6",7,1.00846375995538,1.12549749203629
"7",8,1.03243282943738,1.15027519975141
"8",9,1.05621855923314,1.24343011711217
"9",10,1.03181933198759,1.17695734949159
"10",11,1.01705589111796,1.20766268383984
"11",12,1.00112336124069,1.22798017181638
"12",13,0.992930435479051,1.19914274113981
"13",14,0.997391084281972,1.18383730996281
"14",15,1.01698218122613,1.27043774871248
"15",16,1.00634911557337,1.22654584142765
"16",17,1.03810356497261,1.17982704069911
"17",18,1.01432636214366,1.21992712854965
"18",19,1.04865025084432,1.30503604513185
"19",20,0.986193837029538,1.23372305365022
