"","time","MRA","LR"
"1",2,0.983766325164381,1.01302138485034
"2",3,0.988211297030976,1.04890190898446
"3",4,0.981477410845767,1.05035787503178
"4",5,1.02163108689486,1.11541586581604
"5",6,1.03790473951848,1.15531408979736
"6",7,1.03320531723673,1.21110547906316
"7",8,1.01802579639473,1.1546421236147
"8",9,1.03873089341848,1.13344938471457
"9",10,1.05589747148386,1.16480573430036
"10",11,1.07086019742758,1.21826579744158
"11",12,1.07265592405553,1.17661298420692
"12",13,1.09194816352328,1.2264615305745
"13",14,1.07568145772773,1.26066075988162
"14",15,1.06088869292027,1.24823930428562
"15",16,1.07619556009573,1.25564845760372
"16",17,1.00581804259703,1.19936899669496
"17",18,1.03285921807882,1.24131971543998
"18",19,1.00135950458162,1.22804426354659
"19",20,1.04578765625325,1.15980777977473
