"","time","MRA","LR"
"1",2,0.96068005301934,1.06432867263998
"2",3,1.04497180952337,1.10883433810076
"3",4,1.04533973323315,1.10374644217392
"4",5,1.05511955995031,1.16388720494507
"5",6,1.01465577258294,1.11878128742599
"6",7,1.00851897633479,1.16183904518849
"7",8,1.05100007877222,1.18258648425286
"8",9,1.03713262994162,1.17752405445141
"9",10,1.04541464071268,1.20535633210314
"10",11,1.03332257541131,1.15922709400047
"11",12,1.01916171974836,1.16494514258433
"12",13,1.04039461269095,1.17012188128237
"13",14,1.01447691073171,1.19276756547021
"14",15,1.01707246836074,1.1760544726353
"15",16,1.00156477638739,1.19021012479901
"16",17,1.0506107283977,1.2319396049352
"17",18,1.06386016574482,1.27418474151783
"18",19,1.04469279049042,1.27560634078645
"19",20,1.02739363364772,1.27580676339178
