"","time","MRA","LR"
"1",2,0.988373056335004,1.02290480716017
"2",3,1.0332253339211,1.07237706815568
"3",4,1.02184197320103,1.0707631288416
"4",5,1.04806311639095,1.14272730150306
"5",6,1.0478789015441,1.15921266707485
"6",7,1.06072045339489,1.20260134250479
"7",8,1.03011229372839,1.17295371444905
"8",9,1.03177512876127,1.26349131800132
"9",10,1.04091971708744,1.23462760261191
"10",11,1.05510110505491,1.25214195525245
"11",12,1.05105064710158,1.30055564363024
"12",13,1.03464245536427,1.28429358764698
"13",14,1.02569859429793,1.30081440178553
"14",15,1.04347044589831,1.33506538482843
"15",16,1.04710733746318,1.40972203431389
"16",17,1.02938644630604,1.40865336847346
"17",18,1.01001939702457,1.38933766106319
"18",19,1.08794921220325,1.44346160154807
"19",20,1.03249608962792,1.38029785085414
