"","time","MRA","LR"
"1",2,0.989883068058341,1.01734337137267
"2",3,1.01411688385122,1.1038209618287
"3",4,1.07102480438197,1.12381245738765
"4",5,1.02742190853969,1.11972677068993
"5",6,1.01983340157198,1.11386125242421
"6",7,1.04050526463628,1.21444309834982
"7",8,1.05662657508467,1.26458102145816
"8",9,1.06013245661821,1.13835898312198
"9",10,1.08835308031881,1.25540069004556
"10",11,1.01879274344284,1.21779420752751
"11",12,1.04634323648004,1.22621102894172
"12",13,1.03660188026971,1.25819160637936
"13",14,1.04687959315905,1.23554810741461
"14",15,1.09720208318823,1.22721416818711
"15",16,1.03427618587687,1.16547480522809
"16",17,1.03137400484946,1.19298998662487
"17",18,1.07036408585653,1.15616248550691
"18",19,1.06579875939008,1.27367370629296
"19",20,1.07216531406254,1.34973380191099
