"","time","MRA","LR"
"1",2,1.00998742067103,1.01397566761871
"2",3,1.03505738109665,1.08208807860642
"3",4,1.04142583717562,1.07593433857849
"4",5,1.0567267750117,1.11607774755391
"5",6,1.0372383722884,1.14306954079889
"6",7,1.03856811302107,1.08981331583303
"7",8,1.03316265111319,1.12507746278049
"8",9,1.03514461481127,1.15761843642946
"9",10,1.02086593129518,1.14292290695028
"10",11,1.07978434426932,1.15812282303235
"11",12,1.02896100007186,1.1107426062808
"12",13,1.01621760749114,1.11344846288983
"13",14,1.0385921275992,1.17889149371823
"14",15,1.04373946237295,1.22926424943389
"15",16,1.08129262078619,1.22500078800393
"16",17,1.10024746963955,1.25465287404605
"17",18,1.10268668890613,1.30571761152296
"18",19,1.06752865508078,1.24875362744548
"19",20,1.05634813845791,1.24299159803696
