"","time","MRA","LR"
"1",1,0,0
"2",2,-588.285968767742,-959.435367043686
"3",3,-661.420509453127,-1146.78898042084
"4",4,-638.717948655966,-1163.38729806519
"5",5,-675.612989612253,-1187.35051393637
"6",6,-717.777343658313,-1246.69324231698
"7",7,-739.769344047658,-1419.83987660048
"8",8,-736.438135697092,-1551.4143503481
"9",9,-714.114161283375,-1564.21660006685
"10",10,-752.757608521452,-1493.70918609604
"11",11,-753.150883969175,-1475.80212294567
"12",12,-745.048822221332,-1408.96675956903
"13",13,-781.870209206064,-1474.39645434802
"14",14,-777.172613627909,-1570.82728780284
"15",15,-752.117496250575,-1630.32738635606
"16",16,-764.441169536162,-1684.78357082403
"17",17,-786.627481738256,-1484.05619422674
"18",18,-829.366862160881,-1488.42243536987
"19",19,-776.445783538974,-1456.42995297804
"20",20,-756.601291085093,-1495.1777109297
