"","time","MRA","LR"
"1",1,0,0
"2",2,-622.362806748684,-972.355505998185
"3",3,-668.193819394209,-1066.09602228313
"4",4,-708.716888782332,-1229.25671565729
"5",5,-731.180249332721,-1346.52955246289
"6",6,-785.58852845129,-1388.16682017978
"7",7,-768.243128660782,-1370.65675492619
"8",8,-770.421916039553,-1370.41443113639
"9",9,-800.481829166861,-1544.20571482425
"10",10,-783.631843470058,-1562.53814484206
"11",11,-779.321814936293,-1454.37366538897
"12",12,-792.11516211637,-1519.2400022083
"13",13,-801.291538304265,-1453.35306015065
"14",14,-746.175908483043,-1505.73784339413
"15",15,-702.411962778766,-1432.98994808816
"16",16,-702.517608404125,-1392.60421164168
"17",17,-774.952575581703,-1546.21289802421
"18",18,-736.925811063991,-1707.56308281988
"19",19,-744.273799916527,-1629.58751768777
"20",20,-704.836878306759,-1506.15887487046
