"","time","MRA","LR"
"1",1,0,0
"2",2,-632.734428632172,-1020.30802380564
"3",3,-674.681409328007,-1228.46412128185
"4",4,-680.799437716426,-1223.48259612728
"5",5,-705.887943459484,-1367.23784713341
"6",6,-758.774635889566,-1414.69463782595
"7",7,-768.447116179111,-1489.42911165054
"8",8,-691.788922071101,-1342.47394902552
"9",9,-700.921360570093,-1339.43116434316
"10",10,-680.644182197936,-1472.87946176118
"11",11,-715.645907837007,-1630.20497542368
"12",12,-735.436627178714,-1681.64484196911
"13",13,-736.762988471899,-1733.48831970193
"14",14,-763.574430913153,-1667.08170749535
"15",15,-787.360539350002,-1591.15132140582
"16",16,-805.090633399354,-1609.17213878139
"17",17,-740.748393337694,-1533.48577783496
"18",18,-724.513455413604,-1455.59567503099
"19",19,-702.911349869828,-1487.34712869003
"20",20,-717.881914336039,-1570.31420609051
