"","time","MRA","LR"
"1",1,0,0
"2",2,-563.960973785585,-919.697599777595
"3",3,-661.169682758762,-1174.19522486527
"4",4,-697.088436382802,-1195.77818171486
"5",5,-697.96536037295,-1258.83479796688
"6",6,-711.272772736013,-1187.37890927527
"7",7,-715.954332781277,-1252.26759210195
"8",8,-779.533616290589,-1378.62262136453
"9",9,-739.063082961688,-1438.4098176904
"10",10,-706.563621391869,-1446.09699974377
"11",11,-806.944093259973,-1448.27343610036
"12",12,-772.798667782712,-1493.11922631618
"13",13,-752.797070189606,-1389.92607599331
"14",14,-802.697794081115,-1458.3100434201
"15",15,-775.814542987575,-1471.06350431466
"16",16,-750.433057717876,-1577.16473876345
"17",17,-756.423642922458,-1522.44671117453
"18",18,-748.074221240926,-1657.90473204497
"19",19,-755.493473373491,-1818.52341205272
"20",20,-781.051164181444,-1817.19645339703
