"","time","MRA","LR"
"1",1,0,0
"2",2,-552.264536508211,-868.978250148227
"3",3,-616.420429267812,-1035.52207294424
"4",4,-715.368894704188,-1156.39104934096
"5",5,-711.528090694279,-1230.06931296392
"6",6,-732.646119395811,-1332.62906136953
"7",7,-792.934204902407,-1399.09773927369
"8",8,-784.005113559726,-1350.68481952173
"9",9,-775.068657740277,-1417.2382650584
"10",10,-750.036596077897,-1567.71284267383
"11",11,-744.255191538847,-1520.7357576524
"12",12,-709.77340551321,-1434.73617629576
"13",13,-732.964677721443,-1453.09387971841
"14",14,-761.098222505274,-1364.71158619269
"15",15,-727.470636770415,-1422.29324331507
"16",16,-789.155754049297,-1540.69134943917
"17",17,-731.738265010393,-1483.19060742026
"18",18,-700.26935710531,-1509.11338453074
"19",19,-777.164142765826,-1517.79889647821
"20",20,-754.185663317177,-1705.47126637488
