"","time","MRA","LR"
"1",1,0,0
"2",2,-601.426222262762,-949.661330058262
"3",3,-687.013880865273,-1034.22328585752
"4",4,-678.208627456196,-1077.2101178464
"5",5,-666.79110244696,-1147.57623009512
"6",6,-687.181153049978,-1216.15751866093
"7",7,-698.063134231857,-1240.59193162859
"8",8,-686.589659969728,-1410.6197759919
"9",9,-795.954801685902,-1493.3703696016
"10",10,-764.669912271593,-1534.75126639098
"11",11,-752.92723684851,-1456.39005160659
"12",12,-753.172501410762,-1463.68974030603
"13",13,-779.609093773675,-1560.47991687286
"14",14,-740.937274377207,-1622.19359769585
"15",15,-765.081662420246,-1597.55804374267
"16",16,-745.544543897962,-1657.50271562066
"17",17,-742.01481292879,-1718.04092669526
"18",18,-720.438477196096,-1661.20007932968
"19",19,-761.097084657442,-1664.08252600429
"20",20,-775.952423055906,-1669.6674705163
