"","time","MRA","LR"
"1",1,0,0
"2",2,-553.925212732014,-927.580325803999
"3",3,-648.120119724804,-1078.61870788109
"4",4,-742.49977122644,-1306.39904207418
"5",5,-733.809968249756,-1322.76001070112
"6",6,-697.003385563087,-1294.6824090128
"7",7,-738.209302531366,-1475.61283864131
"8",8,-691.08238884341,-1398.63376827225
"9",9,-729.240393953077,-1526.84877052284
"10",10,-736.729400490427,-1377.74921461725
"11",11,-726.306387626328,-1298.22210547675
"12",12,-741.74520995985,-1375.88134152693
"13",13,-709.911860191834,-1443.81668041603
"14",14,-705.91560512845,-1413.5317300317
"15",15,-725.488735405988,-1483.4802604836
"16",16,-721.138473664784,-1503.37121941529
"17",17,-712.270935215085,-1486.24253666672
"18",18,-718.6520710858,-1406.41032735722
"19",19,-730.929762261328,-1413.86190824231
"20",20,-813.570575255606,-1526.58417260149
