"","time","MRA","LR"
"1",1,0,0
"2",2,-588.946849031407,-913.142207616107
"3",3,-634.925931473157,-1044.08632553249
"4",4,-723.626506599383,-1156.09205068101
"5",5,-662.974481441835,-1156.39583759911
"6",6,-747.493551719698,-1295.45035403784
"7",7,-721.010962796117,-1255.69592021825
"8",8,-675.609174332998,-1258.8411052144
"9",9,-751.763820157401,-1362.63074334579
"10",10,-749.667508922745,-1368.31080850312
"11",11,-761.823373759258,-1486.67308192599
"12",12,-745.812293915681,-1429.54957456808
"13",13,-852.899884534473,-1525.17654342007
"14",14,-798.063640006552,-1484.98833944895
"15",15,-764.197562329366,-1518.36193081809
"16",16,-792.919109663532,-1481.41601422482
"17",17,-752.783527963902,-1574.55912013542
"18",18,-810.035050602209,-1652.65959733114
"19",19,-754.914744782039,-1690.19158262163
"20",20,-716.265446951439,-1656.7756343604
