"","time","MRA","LR"
"1",2,1.01973356367295,1.06428192178492
"2",3,1.00364762519725,1.12957784646637
"3",4,1.02439699814197,1.25741137723795
"4",5,1.0464466537306,1.24183103232227
"5",6,1.02208412485488,1.17725863663019
"6",7,1.04848520347415,1.15064099426416
"7",8,1.08470598198863,1.20460875398084
"8",9,1.06858999239217,1.24015069639236
"9",10,1.02726200167472,1.20764085752717
"10",11,1.07811461021703,1.23425264850485
"11",12,1.05316139702149,1.26174274251021
"12",13,1.02387867242454,1.14446822954797
"13",14,1.04617168419946,1.20498288568422
"14",15,1.04852017205996,1.26853060133523
"15",16,1.03250640406427,1.26679566594404
"16",17,1.03447761272169,1.29854506580441
"17",18,1.0547760458973,1.2242511864612
"18",19,1.04093943727224,1.22392398479634
"19",20,1.02901870687774,1.25772904029962
