"","time","MRA","LR"
"1",2,1.01136121723448,1.01444454970992
"2",3,1.03818487572233,1.04483147707482
"3",4,1.0447236398644,1.12855261213745
"4",5,1.06161162219422,1.21460587189314
"5",6,1.04754962884328,1.15834316139653
"6",7,1.05077093662115,1.17704562756517
"7",8,1.06620139355588,1.20722414502408
"8",9,1.08041644996771,1.23433471598008
"9",10,1.0603835254737,1.31638507416332
"10",11,1.0552093347029,1.29758715045935
"11",12,1.07474615096482,1.27955561511166
"12",13,1.00276645952933,1.10093212798943
"13",14,1.0267318326882,1.14669072763506
"14",15,1.0624664550626,1.21125106256672
"15",16,1.04356328839123,1.25941804791411
"16",17,1.05529276507838,1.25018695797457
"17",18,1.0421148630365,1.28854031224598
"18",19,1.03843766811052,1.3198522506208
"19",20,1.03104448570721,1.23419481541822
