"","time","MRA","LR"
"1",2,0.956765928048853,0.972878120976201
"2",3,1.05193556528164,1.12574714085393
"3",4,1.02598621944237,1.14720847010816
"4",5,1.03966807418558,1.10674109817896
"5",6,1.0241602144364,1.18548865443863
"6",7,0.990161192435042,1.10778328561736
"7",8,1.04383885416791,1.17137208008836
"8",9,1.02417718274097,1.23927471091796
"9",10,1.03592246073295,1.22685191682628
"10",11,1.02979068629179,1.21888369428367
"11",12,1.02829402616541,1.21326282748324
"12",13,0.997266266793687,1.14450937018618
"13",14,0.987668176316475,1.29520166365413
"14",15,0.999268730152232,1.20329649105423
"15",16,0.998534468414275,1.12617273799863
"16",17,1.06035327474787,1.18796650409264
"17",18,1.04571729220271,1.24337762710115
"18",19,1.09770755488768,1.21476473047632
"19",20,1.04860019494798,1.23233712001907
