"","time","MRA","LR"
"1",2,0.944103778909746,1.00116603435453
"2",3,1.02985125950533,1.00958775928242
"3",4,1.02584104446804,1.07249145362896
"4",5,1.04754389650802,1.13328486242826
"5",6,1.09643964013255,1.22655847992924
"6",7,1.07680351843709,1.24754560858994
"7",8,1.01868729224677,1.268514143575
"8",9,1.05781223247347,1.33274564894679
"9",10,1.08840702346391,1.30743451238345
"10",11,1.05890598484294,1.23585804666494
"11",12,1.03979304760094,1.21473540963977
"12",13,1.03596933854683,1.12930199528815
"13",14,1.02343179605457,1.12273402725734
"14",15,1.05472042165657,1.1752977202304
"15",16,1.07539272106636,1.22669148437669
"16",17,1.06942870478123,1.22116775882681
"17",18,1.07450825462574,1.32421055032176
"18",19,1.06813189147327,1.37792450073994
"19",20,1.03115228937397,1.36298928402482
