"","time","MRA","LR"
"1",2,1.00401291271674,1.01657968392775
"2",3,1.04103287382811,1.08161903160357
"3",4,1.03592111730606,1.07611346570311
"4",5,1.03349386555861,1.15880722441139
"5",6,1.02414607329378,1.18228214272571
"6",7,0.998545443316691,1.17968951688816
"7",8,1.02982693372475,1.15468987596538
"8",9,1.00135518117465,1.14816818666703
"9",10,1.02695839773243,1.17459928421323
"10",11,1.08097159229326,1.14399908745515
"11",12,1.02713925947976,1.22111660844277
"12",13,1.020127937843,1.16406556510359
"13",14,1.02409798176398,1.36806303130961
"14",15,1.03495317028381,1.41360414599397
"15",16,1.01794295221288,1.27884389360531
"16",17,1.03675836629636,1.293988606648
"17",18,1.0088445233484,1.38013920002047
"18",19,1.05994247650753,1.43507346553113
"19",20,1.0399310900918,1.51072307395303
