"","time","MRA","LR"
"1",2,1.01875068014006,1.01565687821583
"2",3,1.02551555068255,1.06288073513452
"3",4,1.0903323936234,1.15530987778609
"4",5,1.04030969790281,1.16952428569917
"5",6,1.05471878831199,1.1651248731811
"6",7,1.0171845555891,1.14940476892402
"7",8,1.01416519359981,1.15330578133349
"8",9,1.005143879415,1.12552498446665
"9",10,1.0495893937487,1.21291571086907
"10",11,1.05213865495101,1.21583327948108
"11",12,1.03142162823895,1.1764194281587
"12",13,1.00928074745711,1.16259101849186
"13",14,1.04723771928407,1.20147989358669
"14",15,1.01625167691184,1.20199650616503
"15",16,1.01767085505958,1.18412154604008
"16",17,1.04490287524578,1.21123968552205
"17",18,1.03655424451596,1.26845354825036
"18",19,1.05677378803137,1.24910185946998
"19",20,1.03701629870983,1.23629619563019
