"","time","MRA","LR"
"1",2,0.9353905009985,0.997834066075986
"2",3,1.06053356018945,1.09139566424698
"3",4,1.03732477530257,1.04945988913467
"4",5,1.05678297550042,1.08705239503437
"5",6,1.07347964979155,1.12928180241771
"6",7,1.02380078939843,1.15924228746829
"7",8,1.01578877595101,1.17130572411829
"8",9,0.998114102312901,1.19172039074159
"9",10,1.03032909292892,1.23762551199418
"10",11,1.00977212421648,1.18734665351095
"11",12,1.0158233722454,1.20320070932624
"12",13,1.02700312568177,1.17927177482152
"13",14,1.00453273971521,1.21646062089725
"14",15,1.04428932131301,1.18546376100971
"15",16,1.04348840687405,1.108473841116
"16",17,1.02421096985851,1.04568887466138
"17",18,1.01547350589343,1.10917277755117
"18",19,1.05220704096452,1.15205313162148
"19",20,1.07236015970311,1.16805668131013
