"","time","MRA","LR"
"1",2,1.00673887182237,0.953506134775777
"2",3,1.00504811198195,1.01675601378687
"3",4,1.01893306671177,1.08377236369395
"4",5,1.04553946743425,1.12966270450409
"5",6,1.00497866263608,1.14239960525888
"6",7,1.02467828563083,1.19001629442469
"7",8,1.05925812009153,1.19117791877703
"8",9,1.09590109325046,1.2297659228261
"9",10,1.091031472166,1.25578206113095
"10",11,1.0875406029852,1.23069474221293
"11",12,1.05525834249088,1.25539156526494
"12",13,1.04470944938988,1.19032306606008
"13",14,1.0372665406658,1.25885563430948
"14",15,1.05819432818571,1.32358315993075
"15",16,1.06968345619891,1.31630703074809
"16",17,1.03592965864199,1.41004452386342
"17",18,1.03499508908519,1.41669467250531
"18",19,1.02067547571495,1.38294711607013
"19",20,1.03893270741235,1.4158764681404
