"","time","MRA","LR"
"1",2,1.00266001195961,1.06968619141348
"2",3,1.03582116174321,1.12186835854701
"3",4,1.01194295845927,1.11442678183809
"4",5,1.02529568740126,1.17771389625605
"5",6,1.03028220740471,1.2687612543179
"6",7,1.01602160319487,1.28704293351122
"7",8,1.04167280878465,1.34115582779412
"8",9,1.05429190946311,1.32837474244293
"9",10,1.01673859318347,1.22993471836794
"10",11,0.982582519785422,1.19440778171276
"11",12,0.993886669483299,1.17660243077525
"12",13,1.03875292725731,1.28373649464175
"13",14,1.00218714850933,1.3414496815008
"14",15,0.992971672776402,1.09554402951469
"15",16,1.01939197210531,1.15616698190769
"16",17,1.05340333360566,1.21732673966844
"17",18,1.05412735502828,1.18126219138968
"18",19,1.01057396189993,1.16460098350547
"19",20,1.02665679623971,1.15166110353207
