"","time","MRA","LR"
"1",2,1.00682700800574,0.99250484106008
"2",3,0.998822589179238,0.98183676449314
"3",4,1.08950712140245,1.1216679124428
"4",5,1.06221697660032,1.19282573443939
"5",6,1.04477904237363,1.1913268917763
"6",7,1.05229482214864,1.21730681387459
"7",8,1.04490909616779,1.21225424055401
"8",9,1.04884476870956,1.234643526313
"9",10,1.01837122604834,1.29169777583768
"10",11,1.04472730299177,1.29538069286599
"11",12,1.03333882411481,1.22811069533522
"12",13,1.05385625371945,1.31573149791937
"13",14,1.06546247429103,1.26983822436164
"14",15,1.02284241393659,1.14550588507853
"15",16,1.03594912069107,1.16553257942425
"16",17,1.0478137515491,1.25702095433729
"17",18,1.04334178722031,1.30395373267388
"18",19,1.06491797024808,1.33539680597149
"19",20,1.07229780669846,1.29663760661897
