"","time","MRA","LR"
"1",1,0,0
"2",2,-596.9890850119,-932.962074778088
"3",3,-653.543295041499,-1219.83561674499
"4",4,-686.148902869798,-1350.46462911422
"5",5,-784.988953803498,-1506.62709128934
"6",6,-777.218489062224,-1463.92545548655
"7",7,-785.84533643248,-1409.41121834862
"8",8,-733.13371228748,-1436.41287429296
"9",9,-746.075690512592,-1421.43581071312
"10",10,-750.002811405895,-1426.67344733991
"11",11,-772.234320442204,-1537.72218787722
"12",12,-764.549429151513,-1529.82037941278
"13",13,-808.589956462053,-1495.43354863959
"14",14,-770.496492330322,-1509.76022402569
"15",15,-756.902942092222,-1539.7542869698
"16",16,-711.28158687198,-1597.69630773885
"17",17,-736.722601104556,-1528.60181078171
"18",18,-761.92198619594,-1549.94750413231
"19",19,-725.144746780337,-1470.68733791286
"20",20,-729.302468815875,-1621.31073763095
