"","time","MRA","LR"
"1",1,0,0
"2",2,-574.137328597508,-837.906514556465
"3",3,-609.261259122515,-1020.09018997703
"4",4,-701.489858317747,-1152.01052755941
"5",5,-694.475657458053,-1237.76219243246
"6",6,-713.830584694033,-1274.41864993606
"7",7,-808.34766167756,-1363.74610659178
"8",8,-732.354508420884,-1371.53431434066
"9",9,-755.560307947247,-1458.97044698183
"10",10,-727.833080292011,-1435.2480825196
"11",11,-788.132470555003,-1576.47046472321
"12",12,-697.221600746206,-1585.76464946413
"13",13,-701.223084464644,-1411.91560760522
"14",14,-694.640604954653,-1329.34693673027
"15",15,-742.550492598868,-1397.98983777346
"16",16,-749.617491329872,-1434.09715407604
"17",17,-701.848117264035,-1354.4748435841
"18",18,-771.199565464945,-1440.85798513501
"19",19,-751.830526148195,-1452.84074445786
"20",20,-728.462743313457,-1433.2347353823
