"","time","MRA","LR"
"1",1,0,0
"2",2,-563.984102599024,-889.725392406651
"3",3,-642.460052852169,-1146.83579838759
"4",4,-738.584568783398,-1328.93178994656
"5",5,-723.383346117667,-1334.74931876026
"6",6,-747.953069054798,-1426.89514991665
"7",7,-782.435580736283,-1517.69571709456
"8",8,-717.583261810658,-1475.80510571736
"9",9,-781.195143129289,-1437.48044422057
"10",10,-756.886330744466,-1551.74164477748
"11",11,-771.263048062815,-1610.91399256153
"12",12,-794.501272921564,-1628.43016527014
"13",13,-843.449559339232,-1588.7886954204
"14",14,-758.131135824144,-1473.0618546463
"15",15,-789.744760905627,-1452.4257612022
"16",16,-739.731022513413,-1458.15430627483
"17",17,-770.638622323043,-1438.86952546936
"18",18,-742.34456113587,-1480.84177272642
"19",19,-802.977075190541,-1555.20171308135
"20",20,-781.425636213103,-1658.5272147543
