"","time","MRA","LR"
"1",1,0,0
"2",2,-579.081084819156,-898.373138825455
"3",3,-674.125770059874,-1048.8687454109
"4",4,-678.608502730333,-1206.71530324111
"5",5,-667.953894529555,-1263.94293982828
"6",6,-681.719448835214,-1343.57354462766
"7",7,-670.711699580589,-1340.17291372114
"8",8,-694.686864273481,-1424.3458044303
"9",9,-719.26983057593,-1510.44455643479
"10",10,-750.798713420036,-1565.10375934115
"11",11,-820.905081650396,-1686.10719430658
"12",12,-776.252953456811,-1808.34807522716
"13",13,-792.12609801626,-1553.46649472146
"14",14,-814.364725329623,-1565.22779008257
"15",15,-818.060917490397,-1580.33107033979
"16",16,-777.314209870613,-1587.51209867393
"17",17,-723.329359308752,-1596.05884428664
"18",18,-709.993674992079,-1532.01161107508
"19",19,-755.447226391262,-1551.64166778063
"20",20,-763.993045718341,-1498.33255219316
