"","time","MRA","LR"
"1",1,0,0
"2",2,-570.14167364194,-920.23885351013
"3",3,-635.542500818782,-1065.73791245993
"4",4,-699.840242187512,-1245.98906537973
"5",5,-691.721664421224,-1202.34292123279
"6",6,-775.383262970244,-1277.91198181483
"7",7,-708.626542043582,-1389.40840557067
"8",8,-773.004324047046,-1365.7559716088
"9",9,-741.157349980257,-1392.51440772705
"10",10,-749.626851387414,-1534.26865083021
"11",11,-759.697824893181,-1613.43053196651
"12",12,-751.28544785074,-1534.16730757125
"13",13,-774.560725144325,-1376.88621827389
"14",14,-762.427832277241,-1526.06003643647
"15",15,-724.314274429907,-1463.16972606328
"16",16,-766.006962268393,-1630.86352002825
"17",17,-786.764640391446,-1612.42289605819
"18",18,-780.036680256043,-1584.60104529953
"19",19,-760.332777914707,-1619.40170548484
"20",20,-753.234428923951,-1654.39424621411
