"","time","MRA","LR"
"1",1,0,0
"2",2,-585.321198670163,-909.418575316968
"3",3,-629.411906296164,-1082.86697727062
"4",4,-683.991247690907,-1164.47624220055
"5",5,-693.344982213865,-1337.8103269582
"6",6,-724.05197663867,-1487.06640881827
"7",7,-715.75510321547,-1487.26992490483
"8",8,-714.355657633089,-1456.1152577744
"9",9,-794.664956904376,-1467.80257787215
"10",10,-761.805818752465,-1448.78410854255
"11",11,-703.623124285603,-1557.72612643411
"12",12,-712.314432342161,-1654.39306004831
"13",13,-715.586001533141,-1675.93657450215
"14",14,-734.894858583634,-1664.70673132714
"15",15,-777.49866629679,-1679.53239496266
"16",16,-781.711826416828,-1630.54833416546
"17",17,-756.690487191861,-1588.51706991763
"18",18,-737.870532158826,-1467.11239735031
"19",19,-702.803683615096,-1469.01533175664
"20",20,-680.102848503249,-1436.25918164804
