"","time","MRA","LR"
"1",1,0,0
"2",2,-596.571281257546,-957.89598428396
"3",3,-597.565919080494,-1080.82912681328
"4",4,-648.344412659252,-1219.04277109796
"5",5,-669.71189253989,-1266.6584032564
"6",6,-683.140667448909,-1257.57860815256
"7",7,-747.975447097891,-1370.62088618801
"8",8,-766.04762261052,-1443.89209707559
"9",9,-740.901880640671,-1593.47436031945
"10",10,-806.973351641827,-1676.6367256733
"11",11,-806.270843077106,-1677.02528461306
"12",12,-738.242144290184,-1549.53836659015
"13",13,-751.992684318634,-1666.40655208528
"14",14,-741.250928524651,-1674.4028637151
"15",15,-778.592646635221,-1680.42238782076
"16",16,-761.029771749371,-1578.04799606221
"17",17,-758.313277960053,-1538.62771645958
"18",18,-717.600513109138,-1540.3079381688
"19",19,-720.099643389575,-1401.74508825983
"20",20,-719.317189121164,-1418.74531468982
