"","time","MRA","LR"
"1",2,0.984334564163393,1.02469930444509
"2",3,1.01532365092306,1.07405675653221
"3",4,1.02547922970691,1.19508956616504
"4",5,1.03083982237593,1.14015874371505
"5",6,1.02548904816542,1.13270880721588
"6",7,1.01297808133197,1.26501106714947
"7",8,1.02194749693483,1.16718974656781
"8",9,1.0408182849695,1.20526754742816
"9",10,1.03578399779355,1.26235425121107
"10",11,1.0707712210773,1.33257002176216
"11",12,1.12747173635388,1.43528857817499
"12",13,1.10154860746518,1.37681447784221
"13",14,1.07843466357423,1.34340872979442
"14",15,1.07126937830791,1.35405073203787
"15",16,1.03251131009891,1.35046969095062
"16",17,1.0288291605851,1.36556332353674
"17",18,1.05166595545789,1.36572957778127
"18",19,1.01983162141749,1.40673625110167
"19",20,1.01817498973186,1.33059432592292
