"","time","MRA","LR"
"1",2,0.97111513183555,1.05325405057684
"2",3,1.0183415189297,1.08424538006484
"3",4,1.01162662725556,1.16221375203854
"4",5,1.03196038273699,1.16635269038395
"5",6,1.05881843887879,1.22818406214725
"6",7,1.02882554006449,1.20928790087956
"7",8,1.07948306458605,1.1943151116005
"8",9,1.03888579756555,1.24460918602735
"9",10,1.01943122146503,1.18075790352047
"10",11,0.998133831149025,1.14446978143526
"11",12,0.990708014860304,1.1817450177029
"12",13,1.01439990092076,1.24910424623898
"13",14,1.02142022034431,1.25710253916204
"14",15,1.02890027301732,1.19910844031259
"15",16,1.02870184213182,1.16818571306648
"16",17,1.03390965267498,1.25998306892463
"17",18,1.05117852889506,1.23876952335398
"18",19,1.0358051196671,1.19496172400879
"19",20,1.03915315559298,1.13029159936365
