"","time","MRA","LR"
"1",2,0.985770111570203,1.02035145139543
"2",3,1.01665182273054,1.06559180896435
"3",4,1.04705687769254,1.142305622494
"4",5,1.02170459345294,1.11711858943231
"5",6,1.01301464315309,1.10884986406578
"6",7,1.02053788845383,1.06675434888896
"7",8,1.04350369127686,1.20178660047644
"8",9,1.04813636081621,1.14596077345385
"9",10,1.08138260457357,1.21030011024178
"10",11,1.04656949926184,1.19189844222695
"11",12,1.01903878024577,1.17063325731521
"12",13,1.01862645658082,1.22378569824859
"13",14,1.07061741350933,1.23673792382092
"14",15,1.05945646157922,1.27579394964547
"15",16,0.99723429850689,1.2413730786505
"16",17,1.0208152405632,1.31328271019599
"17",18,1.02662456440787,1.34286849506163
"18",19,1.00548090118068,1.38803814083129
"19",20,1.04892890588824,1.42082575386498
