"","time","MRA","LR"
"1",2,0.979241809837595,1.04820913111776
"2",3,1.00410925500626,1.09817950646822
"3",4,1.0554399402116,1.08040599743408
"4",5,1.05320768784155,1.1491632156105
"5",6,1.07171685363329,1.1864262065218
"6",7,1.04255385101729,1.16013729631263
"7",8,1.02909000352631,1.15052509295734
"8",9,1.03639327343804,1.19037708533048
"9",10,1.00452498236867,1.2584756181943
"10",11,0.998430910292376,1.25400356442555
"11",12,1.01422040418757,1.3177781443304
"12",13,1.04581773954656,1.31374333762572
"13",14,1.01562141939246,1.23828315927872
"14",15,1.05104970235211,1.22188682479958
"15",16,1.05302401452592,1.2514340747506
"16",17,1.03368557580111,1.23068186597175
"17",18,1.01886385268628,1.17104332401013
"18",19,1.04427051108154,1.13616651033015
"19",20,1.03002773110855,1.18898349185674
