"","time","MRA","LR"
"1",2,0.960128840510147,0.933993557862483
"2",3,1.0723209454071,1.10772386247294
"3",4,1.01969300491082,1.13379850931764
"4",5,1.05660039686927,1.12723607840614
"5",6,1.0620077464834,1.16296722070782
"6",7,1.08095761404002,1.26959178650632
"7",8,1.05575082187879,1.26005799329683
"8",9,1.00657517779365,1.16571187927562
"9",10,1.04667495338463,1.2667970622148
"10",11,1.03715120531863,1.24898247624357
"11",12,1.05275443713899,1.2484128551113
"12",13,1.05672820159405,1.30466710522182
"13",14,1.02485059623387,1.24481955857137
"14",15,1.04457689263757,1.23416920009025
"15",16,1.01698959994397,1.2745829244389
"16",17,1.07391193079184,1.24929999620655
"17",18,1.05687270784907,1.25148132092903
"18",19,0.997101194547136,1.16151318331557
"19",20,1.02070862642686,1.20105072404718
