"","time","MRA","LR"
"1",2,1.01253579594725,1.04979882685241
"2",3,1.00722566566638,1.04696182043459
"3",4,1.01123730021409,1.08627209653719
"4",5,1.01665189957983,1.07592331154931
"5",6,1.0136492758343,1.04166215607944
"6",7,1.08037839898842,1.05314896305014
"7",8,1.0375092835937,1.07584447470345
"8",9,1.01055981013083,1.11625353247382
"9",10,1.03111716256494,1.16783167247431
"10",11,1.00255124759762,1.12043777522098
"11",12,1.04473443991393,1.14291977868557
"12",13,1.05875389023089,1.26638174604983
"13",14,1.0861379530839,1.30219374781725
"14",15,1.0584694780657,1.22375407663238
"15",16,1.07650415327985,1.18375106808601
"16",17,1.04735953921528,1.19885677436194
"17",18,1.04265127068947,1.20149800913762
"18",19,1.01488785163762,1.20336679468395
"19",20,1.0194161667075,1.26742986587721
