"","time","MRA","LR"
"1",2,0.981273560517816,0.986424454038328
"2",3,1.03564612936454,1.07507154061838
"3",4,1.02779400754682,1.10592375675344
"4",5,1.0334185931082,1.15143819013924
"5",6,1.01224317537004,1.1274961805228
"6",7,1.0031591879627,1.21269073570577
"7",8,0.998752459128186,1.19231164988983
"8",9,1.02029520423608,1.29769423547952
"9",10,1.02105216567291,1.37578429855267
"10",11,1.05039803484781,1.44341144828794
"11",12,1.00008401034444,1.35813478477219
"12",13,0.995812523713322,1.22483054820082
"13",14,1.02651819301197,1.19714944755784
"14",15,1.04127876929046,1.29590146254975
"15",16,1.03550132382114,1.26198733148951
"16",17,1.05409092362909,1.2744905106112
"17",18,1.03341908213844,1.3471313101976
"18",19,1.06072775878599,1.35856655518057
"19",20,1.03458280222379,1.31498558243605
