"","time","MRA","LR"
"1",2,1.00013587882677,1.0113500587599
"2",3,1.00476507504174,1.04967665760375
"3",4,1.01673460145452,1.08891905523035
"4",5,1.04739098907255,1.16660060499833
"5",6,1.07731932598118,1.25087774260409
"6",7,1.04843526512161,1.22932602510061
"7",8,1.07924209304872,1.23846988902234
"8",9,1.05179991747623,1.30303829115901
"9",10,1.08471829404552,1.34355739973851
"10",11,1.04394817463744,1.23815022126932
"11",12,1.10593822386025,1.37898843483243
"12",13,1.05065949443927,1.2533978963844
"13",14,1.03263943671559,1.21197474109558
"14",15,1.02353507065073,1.21687089420111
"15",16,1.02864025391979,1.30983158902362
"16",17,1.01575117822987,1.28833584562136
"17",18,1.01307452508169,1.19014129382492
"18",19,1.01221548590676,1.18130907451786
"19",20,1.01907622656679,1.25173909765662
