"","time","MRA","LR"
"1",2,0.987393960943767,0.999281505982659
"2",3,1.06612372064313,1.11540465228202
"3",4,1.04196974163204,1.08312046147118
"4",5,1.05987204459187,1.07160039339977
"5",6,1.01797362277126,1.09018961041634
"6",7,1.03601756157666,1.18457743776814
"7",8,1.05538491081823,1.24576779510913
"8",9,1.06615010244935,1.27511226405072
"9",10,1.01302474513858,1.20186137661144
"10",11,0.985559192888144,1.12977287688358
"11",12,1.00009159469143,1.12601633184976
"12",13,1.01165919316928,1.18800491018194
"13",14,1.03144565196633,1.16004259215605
"14",15,1.01750531225116,1.21674454150286
"15",16,1.06613245259721,1.27086636760445
"16",17,1.03642637952103,1.27178903599241
"17",18,1.06352662367317,1.18052173893103
"18",19,1.03053953784762,1.18591839215261
"19",20,1.05934169115461,1.26851276882734
