"","time","MRA","LR"
"1",2,0.97947295054064,1.02442152206176
"2",3,0.96162454665152,1.0345188827133
"3",4,1.00106230122443,1.15153671389854
"4",5,1.0127263066272,1.0872154742051
"5",6,1.04087433356782,1.18030702771385
"6",7,1.04742521337741,1.31271484622839
"7",8,1.03739729158122,1.3388462123481
"8",9,1.03294564172768,1.30611364697072
"9",10,1.01835617573093,1.25939137386353
"10",11,1.00698577302535,1.26167574126349
"11",12,1.04501722788149,1.43762390767644
"12",13,1.04484308235909,1.41021114752783
"13",14,1.03638202631016,1.24768436250849
"14",15,1.02519434244214,1.18394328781755
"15",16,1.02145074796922,1.18514273714593
"16",17,1.01932291377766,1.23210419341435
"17",18,1.03980577846171,1.23258663464623
"18",19,1.02103912124527,1.13593304804605
"19",20,1.02721358940271,1.20090724130881
