"","time","MRA","LR"
"1",2,0.993480191868277,1.03042812824526
"2",3,1.02692717849168,1.07134827133663
"3",4,0.999466200670311,0.997461266035949
"4",5,1.05655582887401,1.0312453792082
"5",6,1.04984338250845,1.14083032391574
"6",7,1.08397433851459,1.17203401457339
"7",8,1.00704045395031,1.17488311020218
"8",9,1.03674565195623,1.17572741496994
"9",10,1.08995920335982,1.20507047999182
"10",11,1.07387236704038,1.23987527667879
"11",12,1.07332633063524,1.22543268281695
"12",13,1.00828233920486,1.12824694697554
"13",14,1.01855255685601,1.18967171491472
"14",15,1.04579407669248,1.25044538881173
"15",16,1.08015476161656,1.299797665932
"16",17,1.01958094418342,1.18747718613301
"17",18,1.07748591799593,1.22530901403136
"18",19,1.04884013003678,1.18922767342404
"19",20,1.05307722653931,1.28384724935978
