"","time","MRA","LR"
"1",2,1.06072673253872,1.10918678618154
"2",3,1.01443941025557,1.01671955095724
"3",4,1.03800143186431,1.08170222938112
"4",5,1.05600991355808,1.07370483311021
"5",6,1.01939667056438,1.09582186371532
"6",7,1.02648314508284,1.16065267493138
"7",8,1.03130114716476,1.16013032101678
"8",9,1.00322410076978,1.17649428581583
"9",10,1.10292328862916,1.40401886079404
"10",11,1.04221081225381,1.18373970641448
"11",12,1.05880335976359,1.18481020773459
"12",13,1.07319487675223,1.16152933713117
"13",14,1.05048611584871,1.24732438643829
"14",15,1.03147526404353,1.17996767756032
"15",16,1.07218672887339,1.19430601818373
"16",17,1.05852161099452,1.24166832768105
"17",18,1.05839832105543,1.29633577060156
"18",19,1.02871205891418,1.41434711005916
"19",20,1.04458153325126,1.3773450015567
