"","time","MRA","LR"
"1",2,0.966520615087194,1.00412039104643
"2",3,1.01217689694552,1.08837102185512
"3",4,1.02891582340401,1.096544706425
"4",5,1.03754709007166,1.15574811307294
"5",6,1.0237322667824,1.21772533013706
"6",7,1.05503222192869,1.19237629995242
"7",8,1.0691793315034,1.28798808064173
"8",9,1.08338316825053,1.37526736630228
"9",10,1.04931123543328,1.28354082760546
"10",11,1.06005642226725,1.36226882553757
"11",12,1.04564924629338,1.28800273661135
"12",13,1.08227970198707,1.43999823349085
"13",14,1.05668975761478,1.44067397627734
"14",15,1.04183299807511,1.35223549388965
"15",16,1.02225765254103,1.12595692685912
"16",17,1.00712869269633,1.21254797150702
"17",18,1.01106311011205,1.33802413866069
"18",19,1.01795933013538,1.28242372285651
"19",20,1.04161598675127,1.19488243664785
