"","time","MRA","LR"
"1",2,1.03300887174685,1.06385874945246
"2",3,1.02761593494675,1.12681430536959
"3",4,1.07881758373727,1.16299458547112
"4",5,1.05214810978149,1.10382748539379
"5",6,1.04718696046888,1.15265374228359
"6",7,1.05945129967605,1.227738904439
"7",8,1.04060284368044,1.30318583961733
"8",9,1.0352268808271,1.29816039080966
"9",10,1.02062616455128,1.19073363404058
"10",11,1.02491878774116,1.17112105085061
"11",12,1.00988059434125,1.18408400156473
"12",13,1.00077966774701,1.20365581282547
"13",14,1.0304401566703,1.20179435009486
"14",15,1.0439094990431,1.25355116735576
"15",16,1.00926469779779,1.24620068745371
"16",17,1.02815024934821,1.19356986301094
"17",18,1.04613193407773,1.14876216172809
"18",19,1.06407941099003,1.20045942771824
"19",20,1.04045928502637,1.22119485553374
