"","time","MRA","LR"
"1",2,1.00322240559945,1.07907729274741
"2",3,1.0003792755655,1.08647242179971
"3",4,1.0243243253425,1.01912255036008
"4",5,1.06146073934487,1.12330848505669
"5",6,1.04102686109692,1.19982843370432
"6",7,1.08497433265886,1.19972691208597
"7",8,1.05112602246038,1.1263398370515
"8",9,1.04564335148661,1.16730319066025
"9",10,1.06908914034978,1.18910042650642
"10",11,1.03834652930238,1.17960993537606
"11",12,1.04042666779949,1.26050281862993
"12",13,1.06109694619855,1.23085244393649
"13",14,1.04606056153629,1.195529241183
"14",15,1.02897074089061,1.20401733082642
"15",16,1.05941770175201,1.21784168760421
"16",17,1.04901593758925,1.33110473122864
"17",18,1.02326600321381,1.31384724731953
"18",19,1.01343566884073,1.27580220051499
"19",20,1.03965214831212,1.37488976306863
