"","time","MRA","LR"
"1",2,0.957370237581799,0.956754602369979
"2",3,0.988560036902424,1.04302196681243
"3",4,0.998891987736391,1.03498133740662
"4",5,1.02817570912814,1.09654723369304
"5",6,1.03253172872619,1.11296041331538
"6",7,1.02008919362726,1.13197672057374
"7",8,1.0119690157224,1.11398291051256
"8",9,1.03094607340877,1.12369331380546
"9",10,1.04980794023433,1.21567262079209
"10",11,1.00352846824637,1.2215134930201
"11",12,1.02360121468652,1.14907471405736
"12",13,1.01911400083324,1.19910788379651
"13",14,1.01828226258768,1.13972328177873
"14",15,1.05605518412678,1.19572936764718
"15",16,1.05055113071473,1.2117484481627
"16",17,1.01928180885328,1.24154898412856
"17",18,1.01884296903525,1.33799538864533
"18",19,1.03340598419617,1.30537368183076
"19",20,1.02721527781969,1.31882978159932
