"","time","MRA","LR"
"1",2,0.951303157084879,0.998932733743213
"2",3,1.01231588125354,1.06803530824384
"3",4,1.02647501730503,1.16710412276392
"4",5,1.03978034831676,1.3087958177174
"5",6,1.05013228849786,1.29302064915801
"6",7,1.06976527552845,1.29282186497557
"7",8,1.05251958914477,1.20736425903917
"8",9,1.01198416119901,1.21504167750344
"9",10,1.06057121220659,1.34046966790822
"10",11,1.06512990386658,1.27629131750271
"11",12,1.09312802164379,1.32072600492849
"12",13,1.0710207526098,1.22774087189776
"13",14,1.06788243562128,1.12412038617741
"14",15,1.03521125765744,1.21849170478927
"15",16,1.01597452790782,1.15714594744444
"16",17,1.06766403532026,1.20756128101203
"17",18,1.05995498072145,1.18539584879422
"18",19,0.996195491244152,1.10714213625633
"19",20,0.985713017387875,1.15846811614809
