"","time","MRA","LR"
"1",1,0,0
"2",2,-592.623319133279,-973.962640743335
"3",3,-595.129737676305,-1109.39485685679
"4",4,-687.001925921527,-1236.95468621982
"5",5,-734.126851287908,-1441.73430915225
"6",6,-792.770829487055,-1403.76673795064
"7",7,-792.11432300679,-1361.47593166525
"8",8,-753.017611821634,-1323.90510740792
"9",9,-801.431738000505,-1473.62321626827
"10",10,-787.301485321826,-1567.62828159078
"11",11,-808.218196603793,-1606.10873439709
"12",12,-730.542952265863,-1563.45421078843
"13",13,-775.13221964634,-1535.27016541069
"14",14,-707.636552583368,-1495.83944641245
"15",15,-771.079796991994,-1454.34152417917
"16",16,-769.076052188844,-1552.16915540408
"17",17,-734.367830348824,-1537.61897157428
"18",18,-761.449001158646,-1528.9155867258
"19",19,-744.051117263994,-1457.69652241284
"20",20,-791.532067954654,-1540.49320325864
