"","time","MRA","LR"
"1",1,0,0
"2",2,-600.520875354187,-988.01938453574
"3",3,-647.625830952835,-1213.51179454732
"4",4,-679.353099702584,-1285.59610848321
"5",5,-694.466901987918,-1504.47050184315
"6",6,-721.348174988687,-1454.10487037736
"7",7,-691.8956498703,-1465.33266509594
"8",8,-723.798573001801,-1455.65743508206
"9",9,-743.051415099562,-1523.39643549058
"10",10,-730.190611762256,-1489.15492276739
"11",11,-738.959013309009,-1556.64778107137
"12",12,-717.226214485746,-1576.67005651362
"13",13,-682.376063033489,-1421.32511882528
"14",14,-684.649600050176,-1408.36201802553
"15",15,-698.284329713627,-1411.27896557575
"16",16,-713.870066937901,-1662.41662949075
"17",17,-700.271387194406,-1629.98078240995
"18",18,-765.660920621912,-1602.05510621178
"19",19,-769.216847936541,-1711.19594747116
"20",20,-781.83315300528,-1729.2001351551
