"","time","MRA","LR"
"1",1,0,0
"2",2,-596.110141654733,-961.285531110075
"3",3,-634.167123640219,-1071.79559324183
"4",4,-685.283739811407,-1149.60444147516
"5",5,-680.284408748645,-1276.77098397856
"6",6,-720.591303706839,-1262.17546802715
"7",7,-738.699032810084,-1368.56961120162
"8",8,-704.706555287426,-1432.30823990207
"9",9,-750.792660975025,-1534.05651655644
"10",10,-775.301231981951,-1463.27334087038
"11",11,-805.803275064109,-1481.62831655738
"12",12,-716.738498634641,-1507.9563132146
"13",13,-726.204038748131,-1524.71028270406
"14",14,-742.438297992992,-1420.39280076606
"15",15,-784.934963956226,-1470.29953680634
"16",16,-804.105748086571,-1511.37913104039
"17",17,-746.661588397009,-1385.7941753695
"18",18,-759.464523232908,-1411.45093250349
"19",19,-728.050201371528,-1517.2081757659
"20",20,-725.889558543355,-1416.223096336
