"","time","MRA","LR"
"1",1,0,0
"2",2,-561.601625842142,-1006.04312595188
"3",3,-662.571572062247,-1157.4447852058
"4",4,-706.774442967397,-1187.53413527182
"5",5,-736.050763476829,-1334.96347672351
"6",6,-723.011419672934,-1287.89171510673
"7",7,-749.790415616308,-1302.10398694451
"8",8,-727.886250807201,-1285.59224839072
"9",9,-775.110232537698,-1507.43561440988
"10",10,-770.085897188917,-1642.22873010493
"11",11,-757.292370467732,-1480.53596392981
"12",12,-752.440186276722,-1526.61319878912
"13",13,-788.238965076808,-1724.23088665823
"14",14,-774.809632760488,-1730.40966059374
"15",15,-722.236063376571,-1763.94908791341
"16",16,-734.579091433051,-1881.73574528203
"17",17,-709.992608527084,-1632.97087237589
"18",18,-716.295521914778,-1651.9076192399
"19",19,-736.178411482965,-1569.66578950684
"20",20,-758.051360776242,-1749.90321686854
