"","time","MRA","LR"
"1",1,0,0
"2",2,-554.719337998029,-881.001622037563
"3",3,-658.719817563686,-1131.86325602613
"4",4,-657.922426925291,-1221.25557943724
"5",5,-723.920455856827,-1271.34786981691
"6",6,-714.176567119634,-1310.83955638005
"7",7,-735.591589285816,-1372.35787579391
"8",8,-742.76980962452,-1410.02200197696
"9",9,-766.699168627721,-1477.32549235697
"10",10,-736.97282481862,-1372.47349890128
"11",11,-743.737964847733,-1592.31592230867
"12",12,-799.82296516298,-1642.63833654975
"13",13,-787.307163761186,-1579.4901630061
"14",14,-729.434951543263,-1606.03502574716
"15",15,-778.458196557211,-1548.6573906487
"16",16,-749.357579742036,-1609.82118358713
"17",17,-725.012528571756,-1565.73975254355
"18",18,-744.309092576492,-1612.79995856809
"19",19,-744.714595720014,-1571.53045958155
"20",20,-748.829027816222,-1543.55315634751
