"","time","MRA","LR"
"1",1,0,0
"2",2,-608.183500611263,-934.129665090794
"3",3,-658.689672365356,-1141.69023057078
"4",4,-709.389684716747,-1228.27371180287
"5",5,-734.62418367442,-1367.2946026741
"6",6,-718.653385986988,-1410.09731657381
"7",7,-727.316822262336,-1553.17011930556
"8",8,-712.932701231342,-1601.81448400216
"9",9,-747.600730606027,-1708.70506070164
"10",10,-703.589295030264,-1664.2853411267
"11",11,-752.44903621395,-1599.92772198015
"12",12,-757.92567352864,-1529.65010408453
"13",13,-729.325046387879,-1584.44138046327
"14",14,-693.240328240548,-1515.68481138981
"15",15,-723.445171783552,-1559.45451698879
"16",16,-746.547649897557,-1635.7057420306
"17",17,-754.453928146159,-1559.28242775261
"18",18,-758.374502752034,-1508.18371667537
"19",19,-756.570026198956,-1511.33605573519
"20",20,-747.917745869826,-1501.25320733951
