"","time","MRA","LR"
"1",1,0,0
"2",2,-583.749090132163,-897.102195422981
"3",3,-642.420591243129,-1102.40754362357
"4",4,-677.307579620778,-1138.97056117079
"5",5,-705.55497715908,-1292.74629396559
"6",6,-755.831442756065,-1427.6881522993
"7",7,-724.19711329609,-1491.71814638084
"8",8,-734.191487115997,-1491.49918104659
"9",9,-773.466202041841,-1535.5316408633
"10",10,-812.748183910595,-1551.4467787508
"11",11,-835.488501125188,-1564.78593584714
"12",12,-795.421240229687,-1506.21132259179
"13",13,-757.234585787133,-1491.08614588741
"14",14,-775.175492701027,-1442.99328458194
"15",15,-818.04937422461,-1637.89160484177
"16",16,-741.649240466504,-1608.87686417636
"17",17,-765.61508337013,-1549.28528491048
"18",18,-779.271632355552,-1404.7642830629
"19",19,-792.876134415221,-1551.94072064459
"20",20,-779.138759241044,-1533.0240932214
