"","time","MRA","LR"
"1",1,0,0
"2",2,-599.727081607466,-921.496266892904
"3",3,-673.556979714145,-1128.64559990199
"4",4,-694.348006423601,-1330.65562604181
"5",5,-733.90409564366,-1439.57218457831
"6",6,-742.288286071444,-1402.67954593628
"7",7,-741.381604489855,-1344.45497984291
"8",8,-764.307193949904,-1457.74193944217
"9",9,-746.301537286855,-1525.87625045888
"10",10,-741.895628695796,-1564.94301915857
"11",11,-802.296435110785,-1520.49566078417
"12",12,-682.299613931581,-1578.3281470817
"13",13,-716.304844345796,-1458.06754236374
"14",14,-729.018119837499,-1479.52260048238
"15",15,-727.587184661372,-1416.06880721311
"16",16,-740.825552859832,-1390.95929064876
"17",17,-746.69130430281,-1263.86650344528
"18",18,-715.297598444742,-1296.66257795354
"19",19,-736.452247683505,-1296.28707452103
"20",20,-739.543733473205,-1457.24539212034
