"","time","MRA","LR"
"1",1,0,0
"2",2,-592.101859526526,-967.194864134754
"3",3,-646.066191576261,-1130.80992315787
"4",4,-726.537442459598,-1315.19972931418
"5",5,-768.411065050965,-1379.50413621195
"6",6,-721.093153861099,-1318.60038877502
"7",7,-717.22024798068,-1321.71732163705
"8",8,-754.75982957269,-1354.83710183636
"9",9,-752.0655737073,-1403.87107057752
"10",10,-758.875539399563,-1374.849543731
"11",11,-781.234584840494,-1354.29287502912
"12",12,-742.156492855843,-1355.23318148656
"13",13,-802.077361416423,-1460.97304059813
"14",14,-748.63851083718,-1423.71641639838
"15",15,-795.25828881161,-1487.00483082424
"16",16,-756.880451341656,-1501.47635513006
"17",17,-739.772902789845,-1393.4749442294
"18",18,-790.862388231431,-1544.74834657379
"19",19,-808.690474702543,-1611.6220583223
"20",20,-799.626808367103,-1667.65152279979
