"","time","MRA","LR"
"1",1,0,0
"2",2,-572.515557613751,-871.462592841265
"3",3,-653.587921720428,-1132.6634710521
"4",4,-688.541801003301,-1251.87201813131
"5",5,-763.941883152094,-1389.94114690249
"6",6,-779.960050728671,-1426.69201641042
"7",7,-782.688003575853,-1466.05410098264
"8",8,-763.645938770729,-1371.85433789117
"9",9,-786.473370308801,-1488.81590567802
"10",10,-795.979927740772,-1577.30095135022
"11",11,-822.855459920068,-1577.54921709103
"12",12,-751.725189910484,-1539.60588515025
"13",13,-776.700482734409,-1521.72400091987
"14",14,-799.220463549252,-1646.49997099311
"15",15,-766.984611906273,-1485.05942392169
"16",16,-778.02786589213,-1422.20594047228
"17",17,-807.612660333628,-1612.86369568564
"18",18,-706.674155751664,-1435.9365779547
"19",19,-740.096690724273,-1361.61706505525
"20",20,-799.15972581064,-1472.57304949038
