"","time","MRA","LR"
"1",1,0,0
"2",2,-545.30679466118,-857.608650149883
"3",3,-647.576491004755,-1103.31093074582
"4",4,-713.511169054779,-1263.53002723933
"5",5,-698.947648542386,-1344.18600793272
"6",6,-706.809737609372,-1359.5258035469
"7",7,-732.182285238861,-1419.31593577416
"8",8,-768.285437141812,-1522.18723503846
"9",9,-732.35531370495,-1467.96874808427
"10",10,-748.457362886858,-1483.28201220624
"11",11,-763.984743709806,-1511.7784894841
"12",12,-715.575733286627,-1464.44097520139
"13",13,-747.032995008949,-1361.23477330059
"14",14,-784.488590971973,-1346.93000882231
"15",15,-740.346194663525,-1451.74007774933
"16",16,-725.181961763523,-1504.33432307603
"17",17,-719.864369915518,-1476.60580025865
"18",18,-756.649805173818,-1677.37569574088
"19",19,-748.970032822541,-1628.7115342715
"20",20,-776.690303738788,-1614.3792508858
