"","time","MRA","LR"
"1",1,0,0
"2",2,-600.617152316777,-945.906196958646
"3",3,-645.754397254867,-1046.58617043073
"4",4,-691.69683349649,-1146.95528098003
"5",5,-753.62311216422,-1237.28600854895
"6",6,-739.999183867201,-1409.98834838749
"7",7,-761.772325463639,-1491.02098068234
"8",8,-739.364019067559,-1534.66845163924
"9",9,-781.181002972305,-1504.88175168528
"10",10,-742.13169833308,-1564.76279001232
"11",11,-725.771698043064,-1511.87835492187
"12",12,-805.08547944061,-1502.62039863782
"13",13,-757.940210179056,-1384.09137208379
"14",14,-797.377194471825,-1359.79451306025
"15",15,-779.896791393124,-1474.63955253238
"16",16,-752.666325012692,-1523.15904699646
"17",17,-712.057939814859,-1374.49220125275
"18",18,-710.017216346005,-1443.59694774767
"19",19,-737.186238524095,-1608.06711963344
"20",20,-746.852681000124,-1786.012282266
