"","time","MRA","LR"
"1",1,0,0
"2",2,-606.702449247754,-942.043506625858
"3",3,-652.426686826052,-1093.2781153771
"4",4,-663.527444412823,-1126.17831256746
"5",5,-713.763818701095,-1292.47484034126
"6",6,-733.864046756647,-1370.37822168663
"7",7,-697.494626379226,-1376.23212706198
"8",8,-697.033343082995,-1361.41277624758
"9",9,-715.898238405228,-1404.41458667115
"10",10,-715.883186011602,-1414.99197493844
"11",11,-780.002136934938,-1522.06360970293
"12",12,-776.579937587948,-1491.25336213748
"13",13,-775.16734711612,-1544.70546497624
"14",14,-853.489039495528,-1623.88204368836
"15",15,-774.208090738584,-1496.43591809148
"16",16,-770.37270075122,-1490.478497908
"17",17,-753.958127849794,-1533.99633113863
"18",18,-759.31230573933,-1656.1495893085
"19",19,-766.983235763987,-1601.05234175874
"20",20,-753.765172597425,-1550.72901277377
