"","time","MRA","LR"
"1",1,0,0
"2",2,-557.743275984914,-896.457980681294
"3",3,-626.83087511588,-1090.56119586035
"4",4,-730.290588203857,-1278.42930125798
"5",5,-715.339968632064,-1428.52867263916
"6",6,-724.587333498791,-1523.23919385764
"7",7,-716.140379425921,-1613.6627992643
"8",8,-753.352129317416,-1580.03209780936
"9",9,-733.814824007098,-1478.65342741564
"10",10,-786.10191734185,-1517.61899948011
"11",11,-701.607147766652,-1394.27291104222
"12",12,-788.413195472512,-1656.29772066938
"13",13,-772.920364908917,-1646.04356442241
"14",14,-810.366679943131,-1812.30555869167
"15",15,-762.942168224377,-1599.64036418572
"16",16,-773.094032145255,-1635.74383719517
"17",17,-730.069921849565,-1457.383928004
"18",18,-719.1846075852,-1566.90696338945
"19",19,-760.313976691015,-1597.81465412133
"20",20,-787.217172292197,-1490.56096304074
