"","time","MRA","LR"
"1",1,0,0
"2",2,-589.184052767147,-921.064792915755
"3",3,-666.122107880125,-1106.2003425214
"4",4,-676.213622526611,-1252.50258495466
"5",5,-688.287753342735,-1244.15715377236
"6",6,-723.777365167132,-1335.1923053068
"7",7,-721.607406517213,-1315.97770212577
"8",8,-714.424630928804,-1377.75980820537
"9",9,-745.944710558237,-1524.88617466921
"10",10,-772.554987913696,-1590.50011868839
"11",11,-760.554443424447,-1579.94249399889
"12",12,-717.233375371853,-1513.10974853154
"13",13,-766.245205129506,-1879.1092255799
"14",14,-773.066646395889,-1709.80607644506
"15",15,-749.81503474897,-1630.81102602455
"16",16,-764.776474653107,-1640.71605730137
"17",17,-703.267950954203,-1728.6296212074
"18",18,-746.44889771954,-1782.2298545184
"19",19,-726.896285840069,-1729.74528689235
"20",20,-706.336360590681,-1669.94128527684
