"","time","MRA","LR"
"1",1,0,0
"2",2,-578.106648409911,-943.619233461336
"3",3,-652.049587151386,-1163.7891932419
"4",4,-676.044267313524,-1254.90885409066
"5",5,-688.47696957696,-1257.79078689833
"6",6,-715.9800058017,-1428.41086806395
"7",7,-774.310593821421,-1352.37156140626
"8",8,-770.807104907475,-1392.11345361856
"9",9,-746.801898247815,-1393.69126209693
"10",10,-735.530236940705,-1449.17010189884
"11",11,-742.851714556707,-1524.54999474048
"12",12,-703.945766546981,-1506.0828304191
"13",13,-730.968219640342,-1549.72314580914
"14",14,-728.680263331629,-1638.84280661175
"15",15,-770.839953031471,-1813.08384462992
"16",16,-769.816716050105,-1781.87238113776
"17",17,-745.926736855408,-1781.46296310504
"18",18,-743.349327250007,-1808.95708026352
"19",19,-755.855363821722,-1734.35924399082
"20",20,-664.571837048916,-1704.07808015775
