"","time","MRA","LR"
"1",1,0,0
"2",2,-580.554719010273,-918.244038564819
"3",3,-650.187019612465,-1106.84504584913
"4",4,-711.557014739226,-1263.66606313231
"5",5,-708.003114836146,-1204.22901498081
"6",6,-769.427108375755,-1280.7535240469
"7",7,-766.078108380894,-1252.76374493285
"8",8,-777.624731610675,-1351.08254523015
"9",9,-808.660821706605,-1404.56620529297
"10",10,-775.902643822936,-1405.90335656257
"11",11,-758.078649397525,-1414.62093096281
"12",12,-741.958621166929,-1381.01786045259
"13",13,-760.387954819793,-1633.93645277705
"14",14,-782.082490092643,-1525.36500874458
"15",15,-818.904903677709,-1559.98963368538
"16",16,-746.835255913109,-1411.36392487741
"17",17,-720.755838565594,-1337.6592941237
"18",18,-727.844524862228,-1294.73381277026
"19",19,-731.810753478573,-1366.28529660452
"20",20,-702.361977273382,-1410.53310715476
