"","time","MRA","LR"
"1",1,0,0
"2",2,-598.92759047281,-950.513303628801
"3",3,-622.258383744284,-1037.11800479212
"4",4,-656.931676128663,-1133.10986994446
"5",5,-752.352263897755,-1244.70316683173
"6",6,-755.358295029407,-1275.81103161066
"7",7,-716.713613512845,-1284.71302496565
"8",8,-710.186192652282,-1372.85054157992
"9",9,-704.05009536754,-1435.56947978022
"10",10,-688.50884804538,-1472.54888832329
"11",11,-703.887387866146,-1423.82797931928
"12",12,-718.92684420381,-1316.81219417215
"13",13,-772.703669616513,-1389.38549194849
"14",14,-744.280527399281,-1464.29690768623
"15",15,-763.004364812992,-1640.23590552335
"16",16,-752.418192709886,-1572.32689753849
"17",17,-758.604273391989,-1337.36280420788
"18",18,-790.86308575138,-1396.52234295543
"19",19,-800.93283010907,-1455.29556668196
"20",20,-725.131931649324,-1422.56002175232
