"","time","MRA","LR"
"1",1,0,0
"2",2,-537.140980684097,-862.163272530491
"3",3,-627.874869893948,-1018.86757664224
"4",4,-660.799331150405,-1149.89866129267
"5",5,-722.47641500288,-1312.77662636762
"6",6,-781.657599800873,-1342.79235974623
"7",7,-827.358746982113,-1474.60692027433
"8",8,-813.208500815961,-1494.78549150306
"9",9,-784.175878820725,-1692.355549149
"10",10,-877.802872904868,-1891.65031302808
"11",11,-757.912122586476,-1804.07337437313
"12",12,-755.435042691606,-1680.70820946106
"13",13,-727.38630081303,-1609.36861262999
"14",14,-706.188256191652,-1485.49190033471
"15",15,-703.650596746762,-1576.90689015738
"16",16,-734.193303443409,-1608.15758067257
"17",17,-744.901209100468,-1524.49013687315
"18",18,-723.502092382004,-1544.78429763118
"19",19,-696.507550806212,-1536.96763399848
"20",20,-713.601238012603,-1713.36128670419
