"","time","MRA","LR"
"1",1,0,0
"2",2,-583.652821582829,-939.311587767404
"3",3,-636.529537761937,-1025.92480880405
"4",4,-621.917098892664,-1141.37522231129
"5",5,-668.479384947649,-1342.4969340331
"6",6,-697.232249572174,-1258.50554417177
"7",7,-733.701712244094,-1383.70141756513
"8",8,-733.624233337563,-1321.51449224595
"9",9,-771.606129554241,-1240.95964907262
"10",10,-772.102291596645,-1423.02652177009
"11",11,-789.43611817439,-1503.31825282565
"12",12,-841.172826573402,-1551.93752888819
"13",13,-802.926532797308,-1558.96400598223
"14",14,-799.59751587095,-1627.55664466854
"15",15,-762.076112287171,-1705.16973180264
"16",16,-759.603427032782,-1716.27490101645
"17",17,-760.772181795331,-1735.80387966102
"18",18,-720.681324438255,-1806.87996234971
"19",19,-716.201254582125,-1699.79637412236
"20",20,-773.667307007103,-1662.10142882069
