"","time","MRA","LR"
"1",1,0,0
"2",2,-633.493989992146,-913.604833318832
"3",3,-641.874153764228,-990.674843152256
"4",4,-740.897827587042,-1215.96527442736
"5",5,-719.879004610561,-1276.90994100478
"6",6,-687.467974695998,-1302.12627912893
"7",7,-698.174307833584,-1305.25019103926
"8",8,-770.62721527009,-1476.70014539709
"9",9,-805.01194483354,-1601.78208215157
"10",10,-769.97275375275,-1534.60982351033
"11",11,-779.809164647477,-1668.82252413535
"12",12,-783.586661862389,-1676.80153882613
"13",13,-770.021528522759,-1680.74872423051
"14",14,-767.063749731963,-1743.92803824006
"15",15,-732.104543012348,-1671.45968756915
"16",16,-842.567341670788,-1708.918871374
"17",17,-805.888784486914,-1755.01115716753
"18",18,-721.748112214228,-1713.3497292569
"19",19,-779.924588315315,-1677.30767783348
"20",20,-812.461961254543,-1714.86452503086
