"","time","MRA","LR"
"1",1,0,0
"2",2,-615.583231960714,-938.494909300573
"3",3,-693.861471264849,-1135.17300551992
"4",4,-666.149070156764,-1230.41113152312
"5",5,-754.341317032226,-1277.46561823971
"6",6,-741.704183328839,-1320.94804435956
"7",7,-708.492498823235,-1215.06003173018
"8",8,-637.553301981985,-1195.76045778375
"9",9,-680.650632508323,-1317.66730630862
"10",10,-679.718317171596,-1381.35954586852
"11",11,-761.878960241354,-1427.64940267767
"12",12,-732.197709142853,-1404.59933396154
"13",13,-731.165155921393,-1368.94894899958
"14",14,-726.46942816769,-1427.98689181591
"15",15,-774.804326248266,-1645.41577516872
"16",16,-757.618139422305,-1432.47782539849
"17",17,-781.304587798189,-1402.60098955063
"18",18,-756.159338448331,-1343.06002395613
"19",19,-781.075154781696,-1348.54019370126
"20",20,-738.639524726471,-1250.23272490356
