"","time","MRA","LR"
"1",1,0,0
"2",2,-582.072164442492,-933.989658869134
"3",3,-643.743398226223,-1061.53907873675
"4",4,-700.095035396481,-1242.73091311908
"5",5,-725.250240673686,-1318.30668708858
"6",6,-744.142727938015,-1413.50017204826
"7",7,-727.136129328518,-1360.87801149806
"8",8,-741.488073341116,-1513.91363101548
"9",9,-779.200901212847,-1511.077156587
"10",10,-741.867689136566,-1322.6124119014
"11",11,-760.968805466544,-1248.83713712714
"12",12,-750.009166446054,-1285.60796388972
"13",13,-702.193460837655,-1315.7150148165
"14",14,-745.060047212351,-1340.01133016947
"15",15,-750.47959133388,-1366.33686377614
"16",16,-795.248778829603,-1337.81187175732
"17",17,-778.920253935803,-1441.032548368
"18",18,-745.193359221103,-1312.44318358445
"19",19,-742.972274679413,-1486.54765397065
"20",20,-858.213825779907,-2076.25789459475
