"","time","MRA","LR"
"1",1,0,0
"2",2,-575.64896771094,-878.016711135007
"3",3,-641.849154408743,-1071.43771716432
"4",4,-696.709559911806,-1252.69966744807
"5",5,-760.481512107931,-1410.82434245441
"6",6,-755.220680228043,-1494.64404582755
"7",7,-738.507927274872,-1607.39577627635
"8",8,-710.580512368448,-1605.48361071182
"9",9,-749.655462318914,-1545.87473571032
"10",10,-797.096436370832,-1537.85979698064
"11",11,-762.824987835181,-1578.95651881328
"12",12,-748.389369128711,-1692.74107997224
"13",13,-713.1784756348,-1587.11830595958
"14",14,-759.626773437089,-1523.64895281577
"15",15,-703.178714446681,-1394.10932789298
"16",16,-725.981780971542,-1477.8839777765
"17",17,-743.185532624866,-1511.0467510438
"18",18,-696.797495593689,-1402.43543830071
"19",19,-749.369227932898,-1385.59219696949
"20",20,-765.672866933217,-1499.68441547191
