"","time","MRA","LR"
"1",1,0,0
"2",2,-592.495272175358,-1017.79423208683
"3",3,-672.821318731607,-1128.34954050241
"4",4,-662.342733885402,-1223.33433735173
"5",5,-689.270746613597,-1215.02345985622
"6",6,-718.51582402601,-1249.37866088931
"7",7,-765.467705423945,-1393.23852422817
"8",8,-726.330627514127,-1375.90007374549
"9",9,-764.357435143503,-1488.20926656424
"10",10,-741.845469451819,-1586.3401869518
"11",11,-697.811172097416,-1582.21835809171
"12",12,-737.360641333847,-1634.64335902538
"13",13,-723.017144252139,-1652.47662532599
"14",14,-732.286679135316,-1621.37743903748
"15",15,-774.181251881851,-1607.12713502895
"16",16,-741.984512238993,-1441.65780007407
"17",17,-742.765274495788,-1470.61089635168
"18",18,-707.57956336646,-1425.26772680134
"19",19,-822.224022311704,-1603.27269475296
"20",20,-694.579089744427,-1490.25122118058
