"","time","MRA","LR"
"1",1,0,0
"2",2,-569.038296552142,-954.598148908784
"3",3,-636.38155346101,-1073.22217285028
"4",4,-658.487476271787,-1191.45487153582
"5",5,-686.34377454721,-1333.31403939461
"6",6,-702.083968011818,-1590.59474837921
"7",7,-726.482823843821,-1542.22043758496
"8",8,-717.536040823066,-1515.79140537141
"9",9,-677.963708875795,-1568.21253277564
"10",10,-695.52557868072,-1427.04521241424
"11",11,-693.929312740893,-1515.17326953365
"12",12,-732.717127463435,-1582.42894358523
"13",13,-743.613489064632,-1537.07148869659
"14",14,-721.884191324887,-1546.87707251799
"15",15,-782.519707084466,-1385.2644348661
"16",16,-798.99151442035,-1519.20125622295
"17",17,-795.804812275672,-1565.30391697878
"18",18,-726.922240281389,-1454.2565573424
"19",19,-776.410051490602,-1517.12775405224
"20",20,-805.593945509358,-1479.62638013514
