"","time","MRA","LR"
"1",2,0.934525964013747,1.04641654116437
"2",3,0.992563113885482,1.04512826252194
"3",4,1.00778565869861,1.12024697534586
"4",5,0.995336581100806,1.0942919451923
"5",6,1.02341646891107,1.10816245808649
"6",7,1.00305786469669,1.16418966014236
"7",8,1.04391669048513,1.22901525818755
"8",9,1.05044757607989,1.16276070528607
"9",10,1.05012222970056,1.22607481660868
"10",11,1.04508265234342,1.20692027086021
"11",12,1.04375841766347,1.17295834570736
"12",13,1.03638705034365,1.20190980377777
"13",14,1.045454815991,1.28333809216084
"14",15,1.02166142898469,1.27196171976724
"15",16,1.05368414376719,1.27401860730517
"16",17,1.09199094230691,1.28656830391973
"17",18,1.02795572075315,1.27059579313928
"18",19,1.00517860332222,1.23421166602113
"19",20,1.01410943393801,1.20361000795121
