"","time","MRA","LR"
"1",2,0.973648969810016,1.02159145859479
"2",3,1.0192531735946,1.1213049737664
"3",4,1.02638397778632,1.09839410791624
"4",5,1.03023107097608,1.07918846361574
"5",6,1.00010604093463,1.0700509370289
"6",7,1.0161342218902,1.11936857238596
"7",8,1.02989651166806,1.23167328746094
"8",9,0.990080067921548,1.1185006829544
"9",10,1.00395308060543,1.29047537216453
"10",11,1.00835163048723,1.25278533402017
"11",12,1.04584671585144,1.33096310696673
"12",13,1.04056776116246,1.33600152025
"13",14,1.07754370206807,1.36656359986797
"14",15,1.04756843362336,1.27847072143112
"15",16,1.04315609411415,1.22506003468541
"16",17,1.05760888332463,1.26237085852503
"17",18,1.04715334835359,1.13791346955621
"18",19,0.992470426372948,1.22515873165564
"19",20,1.05218373249384,1.35583443582078
