"","time","MRA","LR"
"1",2,1.01059442677495,1.04413826193756
"2",3,1.02902380860011,1.11145157541554
"3",4,1.0513701540702,1.19491121900646
"4",5,1.04472160396022,1.19584306154535
"5",6,0.980124164311041,1.17988880974311
"6",7,0.997587857636539,1.26522985592438
"7",8,1.02709339842875,1.25514667438404
"8",9,1.06083291731866,1.25123605064158
"9",10,1.06077205298603,1.30775760481633
"10",11,1.05428754062849,1.29553368202625
"11",12,1.05284985256195,1.25932531591221
"12",13,1.01719692425598,1.24359697456131
"13",14,1.04945611773779,1.28744030343789
"14",15,1.0142554483879,1.29891677049182
"15",16,1.06098137307443,1.42925129447858
"16",17,1.03194322632147,1.3963942364527
"17",18,1.02438763107747,1.24227976518862
"18",19,1.04912638221606,1.38390227202357
"19",20,1.03123825152792,1.30256466544198
