"","time","MRA","LR"
"1",2,0.987046091517693,1.04645744963419
"2",3,1.03195658705733,1.09931656277041
"3",4,1.03089368104678,1.12630241771821
"4",5,1.01767617997991,1.21424098585376
"5",6,1.01142163380941,1.15045574877586
"6",7,1.04890188783315,1.19416833596244
"7",8,1.03739712708568,1.0866198583407
"8",9,1.06395480006512,1.1328810138839
"9",10,1.02283565253726,1.19825710781894
"10",11,1.04023430207292,1.2277696030396
"11",12,1.02394641840856,1.16080925007091
"12",13,1.04301533956852,1.21546728968387
"13",14,1.02805529284924,1.31745922533835
"14",15,1.02257875556564,1.27843563878305
"15",16,1.03034314605197,1.29214636871167
"16",17,1.04227587875253,1.22860063737833
"17",18,1.03479640291511,1.21879021923369
"18",19,1.030984312919,1.22718649894758
"19",20,1.0313757220821,1.21061610737226
