"","time","MRA","LR"
"1",2,0.970931926127994,0.996404111113721
"2",3,0.988676051343524,0.993017732226919
"3",4,1.03289573433051,1.10440478808324
"4",5,1.03351796973564,1.15198212165409
"5",6,1.02816656536959,1.16702585467751
"6",7,1.0641054533382,1.26162328574809
"7",8,1.03312872550773,1.15143685538725
"8",9,1.02878762744416,1.18622918091651
"9",10,1.03357006555484,1.26216800788597
"10",11,1.00629274245944,1.25749036159615
"11",12,1.00672438970853,1.23034285660529
"12",13,1.01552036643547,1.18661267337759
"13",14,1.04783379573456,1.25874311494055
"14",15,1.02378577112277,1.15156359581299
"15",16,1.07078852515869,1.26682294313812
"16",17,1.06756482896811,1.27157903923458
"17",18,1.04353839982835,1.2482517514941
"18",19,1.06563400750884,1.34679589900711
"19",20,1.05311194134907,1.38735884073956
