"","time","MRA","LR"
"1",2,0.913920221240487,0.924219642234426
"2",3,0.974276751205865,1.00886938562125
"3",4,0.993220914516038,1.05820305517899
"4",5,1.04688673084825,1.10425982738223
"5",6,1.0128364902662,1.17094569854634
"6",7,1.02015943089958,1.16336164344562
"7",8,1.03110210067647,1.23050328917952
"8",9,1.03941721564058,1.20720352774549
"9",10,1.05645896385994,1.22114521538166
"10",11,1.03033451187053,1.15766574959282
"11",12,1.04970131248929,1.27520134171511
"12",13,1.02797040379538,1.32587679780543
"13",14,1.00248901626623,1.14314014204943
"14",15,1.06286093926014,1.24074041698771
"15",16,1.03488126778006,1.23859622696065
"16",17,1.02040068906111,1.22751572793694
"17",18,1.03905612564795,1.27862967492046
"18",19,1.03522302120133,1.27467427429099
"19",20,1.00613955681291,1.20789672189241
