"","time","MRA","LR"
"1",2,0.981141539063321,1.03701473991927
"2",3,0.972506860894878,1.07139389613585
"3",4,1.03160377584323,1.1318040134524
"4",5,1.02407114544264,1.13668952631024
"5",6,1.00775621303681,1.09138272562154
"6",7,1.02572582630001,1.09456823446928
"7",8,1.05238639697247,1.10731036559321
"8",9,1.03087788955574,1.16112610321742
"9",10,1.01571734699473,1.23302003256851
"10",11,1.01228112474731,1.15014479491656
"11",12,0.999540504623059,1.16139351496839
"12",13,1.01232086277654,1.17976863784066
"13",14,1.01211278395436,1.16108867026397
"14",15,1.02318178345488,1.22820099816428
"15",16,0.99906464888006,1.09793099704916
"16",17,0.984367295411401,1.19739565625398
"17",18,1.00819687367943,1.14582218774533
"18",19,1.03821580628633,1.22573872502376
"19",20,1.08625227480891,1.24237648993902
