"","time","MRA","LR"
"1",2,0.978690392900973,1.05432061388139
"2",3,1.01018389634326,1.11884558118118
"3",4,1.04596093103719,1.12492474170443
"4",5,1.07172932254073,1.09127162204113
"5",6,1.07844243035659,1.16009966778973
"6",7,1.08389261002763,1.22213754412462
"7",8,1.04073794395162,1.18359529947989
"8",9,1.02344421924899,1.19850659388558
"9",10,0.994411469094317,1.18152843222306
"10",11,1.0578300280158,1.36761120753555
"11",12,1.06387841366519,1.36395253427631
"12",13,1.05842540384609,1.32983995765448
"13",14,1.02497842209727,1.40976926578304
"14",15,1.01091338618066,1.31811716938482
"15",16,1.03549540331434,1.25505305849648
"16",17,1.03572261634812,1.24640042119146
"17",18,1.05075221257894,1.29433769615111
"18",19,1.08505149041167,1.31858234819143
"19",20,1.08941790079765,1.37670854388223
