"","time","MRA","LR"
"1",2,1.00204339930526,1.01135514386589
"2",3,0.999538551243729,1.05627988228517
"3",4,0.997609110764066,1.09367841684121
"4",5,1.04723341992513,1.14650279145044
"5",6,1.02819564551074,1.21738555364993
"6",7,1.02929585917902,1.21121184361723
"7",8,1.02887099292448,1.29552533288216
"8",9,1.03392496559944,1.3444346815886
"9",10,1.03384632139731,1.35228626039995
"10",11,1.05411708369522,1.29394635998836
"11",12,1.03737260548628,1.28700812181696
"12",13,1.03128735232718,1.42616072341478
"13",14,1.0482815379422,1.35574466155936
"14",15,1.02521190322826,1.3509436866946
"15",16,1.03979190043584,1.26137867244815
"16",17,1.08369538388466,1.30564891504117
"17",18,1.00998432147478,1.11795487364935
"18",19,1.00632990867292,1.22930766479556
"19",20,1.04074953930977,1.29324813500448
