"","time","MRA","LR"
"1",2,0.989114925578704,1.04899317270684
"2",3,1.05510257333147,1.11448920449354
"3",4,1.03470941997661,1.14724537177694
"4",5,1.05316314131419,1.1825129161186
"5",6,0.996269839925166,1.13884585604823
"6",7,1.00710983249469,1.10941132818128
"7",8,1.04089059221922,1.17611564996098
"8",9,1.03725891137639,1.12606306614536
"9",10,1.03061776347843,1.20450229111507
"10",11,1.01594793969119,1.18928036375312
"11",12,1.07686038572622,1.1821467521563
"12",13,1.03444126243779,1.20874926638416
"13",14,1.0499785599675,1.22850423229401
"14",15,1.08511489132184,1.36520143094404
"15",16,1.0281567700361,1.30872513858587
"16",17,1.05394509591116,1.3349374486633
"17",18,1.04422370690498,1.35147020192982
"18",19,1.06440302303083,1.43435350294609
"19",20,1.04091663797691,1.35207067782722
