"","time","MRA","LR"
"1",2,1.01634767679692,1.10365192323491
"2",3,1.0393360748931,1.04922010723316
"3",4,1.00381721897134,1.01468163492583
"4",5,1.04090774705926,1.15968985124039
"5",6,1.00394406031287,1.13878306130277
"6",7,0.991743723003441,1.13284871364552
"7",8,0.996692931611289,1.11201348766443
"8",9,1.02503788707436,1.12928193943008
"9",10,1.06120415538183,1.21095082749349
"10",11,1.05234130637853,1.23597803966069
"11",12,1.05676319696852,1.21346696437525
"12",13,1.04173316951335,1.23799053984422
"13",14,1.06920376722352,1.31155473333738
"14",15,1.01767556822756,1.23150047083292
"15",16,1.03508247073113,1.40223568626645
"16",17,0.977857508658851,1.25756244586009
"17",18,1.00714937036046,1.33151718479106
"18",19,0.975708754437169,1.26132780456185
"19",20,1.00486362058288,1.24774185669908
