"","time","MRA","LR"
"1",2,0.967613114564839,0.980722898158257
"2",3,1.00189329241414,1.05039482803751
"3",4,1.00953587133633,1.12458022645862
"4",5,0.999118208078135,1.12440856334018
"5",6,1.01943431908056,1.15517797881064
"6",7,1.03629501249302,1.17612534748837
"7",8,1.04621737244691,1.28885825210239
"8",9,1.06982224800181,1.20453298979659
"9",10,1.03730625617804,1.17425474512171
"10",11,1.01481546700544,1.16913736403741
"11",12,1.00478958989717,1.14349487825031
"12",13,1.02412036990913,1.15023170360917
"13",14,1.0320096972899,1.09011105740199
"14",15,1.05744526599264,1.14007298014206
"15",16,1.05754488802222,1.0993453945053
"16",17,1.05054500111875,1.13462763106747
"17",18,1.07892216392589,1.18433063359605
"18",19,1.05349598023887,1.21123770930301
"19",20,1.05220912012238,1.29848238797056
