"","time","MRA","LR"
"1",2,0.983399426358968,1.08238157326287
"2",3,1.00082687066189,1.04720122732804
"3",4,1.00268283658646,1.11127334306432
"4",5,1.0138528407188,1.18154873056915
"5",6,1.03737445592665,1.20830955906302
"6",7,1.01284691254195,1.18751909053827
"7",8,0.974067372254904,1.13402919325268
"8",9,1.04155501329113,1.2308222006545
"9",10,1.01013897849836,1.31251303604546
"10",11,1.05279201962982,1.33295990270366
"11",12,1.05141690557379,1.339378038862
"12",13,1.08882051899057,1.36165543026254
"13",14,1.09558943312603,1.34816519377265
"14",15,1.05631843996219,1.35535513712171
"15",16,1.04018257044045,1.29889802181707
"16",17,1.01975667137207,1.20742930971857
"17",18,1.04673358613797,1.34417868898551
"18",19,1.01606960152876,1.3161739358202
"19",20,0.989200031689783,1.21941603240049
