"","time","MRA","LR"
"1",2,0.980917539256176,0.99743673750419
"2",3,0.983667919194703,0.994132980855482
"3",4,1.00334738774083,1.14058469434515
"4",5,1.03339989247142,1.17871479633896
"5",6,0.987423876905952,1.16341005347692
"6",7,1.03872634335991,1.28917606720639
"7",8,1.03914151273936,1.2702753109633
"8",9,1.06036449335067,1.31212490375518
"9",10,1.02853678190495,1.26610509581714
"10",11,1.02851205938384,1.28535447168491
"11",12,1.03283029147462,1.32916750567007
"12",13,1.04533472731787,1.19347983321057
"13",14,1.07007232343461,1.20807347741487
"14",15,1.03400758360648,1.21893036206771
"15",16,1.03601595716438,1.26721888269403
"16",17,1.03507267908161,1.22809318968836
"17",18,1.01410741611343,1.27895689247073
"18",19,1.02265285835034,1.27001703140375
"19",20,1.02250164575293,1.20176057898165
