"","time","MRA","LR"
"1",1,0,0
"2",2,125.50046103248,498.728858456495
"3",3,89.3354800062619,475.051838601296
"4",4,104.010387585288,560.854190337425
"5",5,104.949084270625,699.959927738742
"6",6,108.930513833125,758.036745233558
"7",7,129.720714081134,1095.2326876621
"8",8,137.765744682279,995.307171683603
"9",9,158.577160215917,1037.86119141746
"10",10,146.360817424406,1042.90379386441
"11",11,134.737421886948,1068.90059401692
"12",12,170.542458244896,1126.99379893133
"13",13,149.130202582829,1161.05650858667
"14",14,158.700574026038,1204.66785963839
"15",15,151.754335736041,1071.6320482124
"16",16,184.558343535576,1102.1436677169
"17",17,169.261654961547,1219.76952421343
"18",18,145.095071506736,1351.00902256446
"19",19,168.237525157898,1294.30148635597
"20",20,169.284035204529,1289.25350870302
