"","time","MRA","LR"
"1",1,0,0
"2",2,141.46701175288,500.123838443655
"3",3,84.62431257026,492.81500816806
"4",4,72.6477193989108,527.451998082831
"5",5,89.5404586331111,619.172471598843
"6",6,97.4070786401509,697.002814986531
"7",7,99.911806567097,677.99160402881
"8",8,136.402885142211,825.604949885918
"9",9,139.70426617303,1075.47588663907
"10",10,126.160176617756,1059.60899701894
"11",11,130.91892829524,1097.30986371242
"12",12,128.576537089059,1110.89919950682
"13",13,124.190077459399,1127.94934740092
"14",14,120.043568936806,1068.4394507236
"15",15,136.612413963665,1131.52417253952
"16",16,130.47225105885,1053.18033064507
"17",17,130.995409206709,1114.34574314056
"18",18,145.456848759948,1054.32683094254
"19",19,137.129113773235,1050.2099774708
"20",20,171.311978745519,1178.00398350073
