"","time","MRA","LR"
"1",1,0,0
"2",2,128.294475639995,461.817246725803
"3",3,90.384890413134,643.219714435222
"4",4,79.8897679206578,738.511833521164
"5",5,84.8525314464562,979.818639809376
"6",6,76.2430093336463,817.54019911711
"7",7,87.9616841239684,865.625971823496
"8",8,106.61127550648,884.40654615108
"9",9,107.038000767322,1082.5647222383
"10",10,137.022210372793,1240.03576333947
"11",11,135.267842778533,1230.97875784594
"12",12,169.612654345246,1168.38440124529
"13",13,158.599890145546,1192.18565037553
"14",14,178.066472392234,1200.84938018473
"15",15,168.938731361178,1466.59795909082
"16",16,158.524521131123,1259.48983923056
"17",17,165.236643731909,2082891.02171475
"18",18,133.695153521835,1138.31205661492
"19",19,124.860266129952,1009.90335429925
"20",20,115.583095673892,979.045786142452
