"","time","MRA","LR"
"1",1,0,0
"2",2,132.899441768436,472.386938145963
"3",3,56.3585717196015,558.454776572539
"4",4,62.097442723694,608.350279712997
"5",5,75.1188683718306,749.734551756165
"6",6,92.847307078887,841.763687723254
"7",7,110.725551270749,877.995645739568
"8",8,134.722184086596,970.534725074646
"9",9,116.605816725562,849.009731367565
"10",10,105.704483055045,896.563637139121
"11",11,112.934979455572,1040.02265575222
"12",12,127.43009851869,874.322389678692
"13",13,109.513313925174,887.521401909932
"14",14,111.248145359494,985.226741601707
"15",15,112.609289762054,1106.82852864271
"16",16,93.9109710207671,1105.80488315289
"17",17,103.033350388567,1092.85709492952
"18",18,120.685607321666,1265.5788467723
"19",19,92.5213531377085,1312.97319428311
"20",20,130.383353773496,1104.20035321736
