"","time","MRA","LR"
"1",2,0.979600249070097,0.991000682138276
"2",3,1.01641895655219,1.04225893974912
"3",4,1.01401033079441,1.0788674524579
"4",5,0.998057417511685,1.04019259220583
"5",6,1.03159912259163,1.13612302168764
"6",7,1.0869473871789,1.14795569808102
"7",8,1.05755141896483,1.18338284259599
"8",9,1.07524762956085,1.27633026925723
"9",10,1.10243101611508,1.33651277178263
"10",11,1.07830246852262,1.28345442852964
"11",12,1.05892497925839,1.19462077122944
"12",13,1.05354604965863,1.27707578708822
"13",14,1.03601235838839,1.28189460905282
"14",15,1.03863087364598,1.26102667370774
"15",16,1.0685625503809,1.26497839984978
"16",17,1.0398521277421,1.29035808364053
"17",18,1.06693549388661,1.41029184465191
"18",19,1.03916764676141,1.32224199988943
"19",20,1.01820689331732,1.29444777214924
