"","time","MRA","LR"
"1",2,0.993771282410608,1.02398185726858
"2",3,0.999587633980091,1.11615583166563
"3",4,1.0150667223547,1.0834638155414
"4",5,1.03523170638576,1.11905249965486
"5",6,1.00442082056637,1.04685486574999
"6",7,1.00893322552649,1.13492474955185
"7",8,1.03838655940903,1.15905009962654
"8",9,1.04480220047461,1.16991681613144
"9",10,1.07775237928732,1.23926690130482
"10",11,1.08267554770284,1.24208438804083
"11",12,1.07316540992166,1.18554256190177
"12",13,1.06033993772341,1.18590202297949
"13",14,1.06275165118942,1.18642477178894
"14",15,1.04944148470668,1.18807000219442
"15",16,1.06245626644919,1.20433497987377
"16",17,1.04919863235192,1.26245468717424
"17",18,1.06489054800268,1.23643657864811
"18",19,1.02968907368886,1.13774643813304
"19",20,1.02086222555165,1.13834784875674
