"","time","MRA","LR"
"1",2,0.998447319772614,0.975884471722195
"2",3,1.02118579582571,1.05374309064725
"3",4,1.03567533307465,1.00764433453689
"4",5,1.06257020246347,1.10795458045724
"5",6,1.06371838667984,1.17776685419493
"6",7,1.04048408117797,1.10746483320493
"7",8,1.05353683441926,1.18031858133524
"8",9,1.00230575561799,1.10524009257501
"9",10,0.982540348606429,1.23614687990331
"10",11,0.994692764303283,1.23880966220189
"11",12,0.987385573051932,1.17941095343722
"12",13,1.01071908707107,1.20671652614102
"13",14,1.00677243444231,1.16365473773516
"14",15,1.03401338708566,1.23632306565863
"15",16,1.00616984081041,1.30793336784715
"16",17,1.02542962654273,1.32985985014643
"17",18,1.05191801991041,1.31183470448453
"18",19,1.07246370797174,1.47430777178001
"19",20,1.04447094764886,1.28577484113696
