"","time","MRA","LR"
"1",2,0.994799827032955,1.01263206700264
"2",3,1.01725858363293,1.02768276246791
"3",4,1.01018433926845,1.06386991861476
"4",5,1.06509664971029,1.18320962337626
"5",6,0.99404922292611,1.09105339096598
"6",7,1.00745225814759,1.10087997780802
"7",8,1.02619590171698,1.23583263868788
"8",9,1.03006708298765,1.15299756991782
"9",10,1.0114360840782,1.15535032322196
"10",11,1.03780567860076,1.16097786907592
"11",12,1.02730567030357,1.21753079159124
"12",13,1.02464465846007,1.18669121274599
"13",14,1.04686420774208,1.16373909672055
"14",15,1.02664399911199,1.16973566539796
"15",16,1.03237393228814,1.25070054996522
"16",17,1.07649919934292,1.23716736994378
"17",18,1.05649860229455,1.24824067789879
"18",19,1.04887395276095,1.21834500099925
"19",20,1.04691964156269,1.16581547942186
