"","time","MRA","LR"
"1",2,1.023864040677,1.01908594665135
"2",3,1.01458352251024,1.02685846304225
"3",4,1.05096125373363,1.08449032597311
"4",5,1.03927043151061,1.11148996235639
"5",6,1.02127950634247,1.09571901760755
"6",7,1.02736146358929,1.13310529517512
"7",8,1.03554371690594,1.11154944282434
"8",9,1.06180376888435,1.16049498072874
"9",10,1.04112358827965,1.21318092691284
"10",11,1.02804690766344,1.22829913331343
"11",12,1.00645367759347,1.2409107861498
"12",13,1.03017410626762,1.20975602853568
"13",14,1.01403815629774,1.13012996579729
"14",15,1.05437756435024,1.21010677629511
"15",16,1.05307120696335,1.25041431896618
"16",17,1.04509585702005,1.18573374918918
"17",18,1.07531452926441,1.28146723220255
"18",19,1.0715310728936,1.24840286030027
"19",20,1.07313342914123,1.22284428465264
