"","time","MRA","LR"
"1",2,1.04117738276946,1.02373639422376
"2",3,1.02897851093589,1.04709708345496
"3",4,1.01337541271568,1.07916438950105
"4",5,1.03205191049379,1.12415873360427
"5",6,1.04050263527262,1.19266481973496
"6",7,1.04686613737067,1.13472256673158
"7",8,1.04701463740475,1.2259110540338
"8",9,1.05849739124878,1.23640618063043
"9",10,1.03856729835551,1.33083509583171
"10",11,1.04515012696062,1.3276001954768
"11",12,1.02654242582889,1.21560152594939
"12",13,1.0657545755554,1.3086964213757
"13",14,1.03899246326989,1.28183940050942
"14",15,1.01141070067569,1.17863249424004
"15",16,1.02229900219879,1.23948786478026
"16",17,1.03508573421663,1.22237810603598
"17",18,1.06420681848309,1.27464623864781
"18",19,1.0847521734206,1.17955571025961
"19",20,1.08963315467832,1.24129963808144
