"","time","MRA","LR"
"1",1,0,0
"2",2,135.669990867458,436.64210586844
"3",3,81.3979817982073,578.350560748272
"4",4,66.1651029205823,570.85632721922
"5",5,93.8964745192337,688.452024864184
"6",6,99.845684659476,783.822859940179
"7",7,114.431486383405,1008.47754378912
"8",8,115.197038227494,1043.51635898731
"9",9,128.041883186596,1160.73204546584
"10",10,122.590329651663,1029.79284441738
"11",11,102.459587214335,949.759826885148
"12",12,107.277387275579,1098.18008256661
"13",13,115.141359539484,1107.57328661329
"14",14,103.80232642204,915.207176043654
"15",15,117.498585888997,954.32797320118
"16",16,144.830847121772,1009.66123973172
"17",17,116.406200643978,1159.29137797254
"18",18,130.535471452001,1319.73662718765
"19",19,117.648674484708,1148.15631965837
"20",20,140.458371585152,1064.45458542499
