"","time","MRA","LR"
"1",1,0,0
"2",2,131.665863382062,526.892356385159
"3",3,85.0107796634236,512.660336614789
"4",4,77.1750975592104,562.2127147753
"5",5,53.2357603944397,680.144959322718
"6",6,87.4648064164277,868.231582558351
"7",7,136.956784255705,978.364624562496
"8",8,133.724560670855,1053.76563527352
"9",9,152.599336089294,1078.27063097341
"10",10,177.509260344136,1259.26903428328
"11",11,179.479929135531,1371.69075528072
"12",12,160.414522056599,1378.83856516209
"13",13,162.25647111922,1381.08928951255
"14",14,138.259740901884,1320.39617857346
"15",15,153.607553884736,1360.30392796452
"16",16,142.466608596533,1292.1768820811
"17",17,133.083109434618,1333.36049335714
"18",18,135.141559462598,1302.58176922008
"19",19,116.63635624023,1349.24945413042
"20",20,157.044217346451,1374.16708467081
