"","time","MRA","LR"
"1",1,0,0
"2",2,154.289867937164,513.884954240862
"3",3,78.1197835371295,454.727698859401
"4",4,87.8523666893291,503.221533298681
"5",5,96.6670315573443,807.505555658475
"6",6,98.6404201938022,901.177714989304
"7",7,115.945961800718,860.981339625514
"8",8,121.544254282991,849.814103334158
"9",9,132.974307945817,844.792454498393
"10",10,142.436492339762,791.828250960619
"11",11,144.433960150321,900.924368359243
"12",12,137.397001430248,943.575048527626
"13",13,123.782719553244,920.735790273591
"14",14,116.837336123367,1070.42291080014
"15",15,119.078341919422,1149.032828268
"16",16,124.62236689066,1147.45028339807
"17",17,113.336810188337,1039.62351120615
"18",18,126.462546708759,1078.46673858085
"19",19,123.376792763033,1095.7100851787
"20",20,130.537443039699,1104.44723050713
