"","time","MRA","LR"
"1",1,0,0
"2",2,121.826263912878,454.968047939498
"3",3,91.2623588516713,546.854053427075
"4",4,79.6916955831251,669.621942978938
"5",5,110.748724893186,758.116527111753
"6",6,134.7894132749,839.193455400683
"7",7,136.549928056849,902.811258307501
"8",8,141.803447277581,1010.99939363113
"9",9,150.887561421169,928.25935515071
"10",10,178.965683632275,1057.47466909653
"11",11,149.978493059894,1151.74669850135
"12",12,147.932014977363,990.016966094774
"13",13,141.091309507486,959.469893173516
"14",14,128.364862344901,953.761574744572
"15",15,162.58315738204,1033.90782870916
"16",16,132.697947499645,890.191423148662
"17",17,121.688049824725,1020.46934535942
"18",18,148.434871534494,1069.65970214479
"19",19,145.148357571085,949.37436264231
"20",20,99.9549440816276,1022.45896750121
