"","time","MRA","LR"
"1",1,0,0
"2",2,131.535542989336,470.339371224566
"3",3,73.0221458996382,518.853259810973
"4",4,94.3258513615236,688.709739647195
"5",5,125.545858137137,875.858465137111
"6",6,116.438607996498,689.686749879792
"7",7,137.246260300065,809.603185718996
"8",8,140.655190717329,858.225129073162
"9",9,116.257482813738,872.13766449373
"10",10,117.227590450966,931.700352296816
"11",11,114.882968817485,1085.3601639492
"12",12,123.328940892016,1106.17963606198
"13",13,133.974524164754,1124.41296923566
"14",14,122.923848276254,1063.80642837267
"15",15,116.547580462241,951.693310169017
"16",16,132.87340709896,1136.88756538631
"17",17,139.87897903537,1026.30576901756
"18",18,131.396407928743,1066.43827917591
"19",19,143.391170865323,1188.79486757047
"20",20,147.791542449552,1319.89728054436
