"","time","MRA","LR"
"1",1,0,0
"2",2,138.418876403702,504.586145631946
"3",3,51.7441428480653,535.466245782767
"4",4,58.7478211750247,657.640618414398
"5",5,46.2096573790611,687.130768628464
"6",6,86.4005051135385,857.995068395148
"7",7,80.0905772837992,835.767659450782
"8",8,77.2586486959958,707.039173320804
"9",9,99.9256007858083,842.629456247757
"10",10,136.376593337318,937.205534715712
"11",11,143.176635642558,923.285319499936
"12",12,140.439420253205,896.135040121313
"13",13,155.848625552149,873.755544531706
"14",14,126.686884504993,829.973576064355
"15",15,147.077231978313,999.328980786173
"16",16,156.820634982801,926.009548015851
"17",17,150.195124215036,986.668513285316
"18",18,140.406662347766,1056.74070194375
"19",19,150.758440326618,1124.27712177557
"20",20,124.255241596022,1100.13245488097
