"","time","MRA","LR"
"1",1,0,0
"2",2,143.766300188061,468.029508812446
"3",3,81.9444629361406,510.569802056414
"4",4,77.9714411165187,531.073785301982
"5",5,107.476487341733,650.518983604093
"6",6,105.23520723807,716.138598436622
"7",7,92.5467731531072,791.24089731
"8",8,109.220034773883,828.634195743139
"9",9,124.951534685376,943.876326645428
"10",10,135.089237898823,1200.44233122834
"11",11,122.330628042111,1189.03807621491
"12",12,141.326453675799,1344.28687785736
"13",13,144.045918714382,1466.74002391851
"14",14,156.261987973561,1458.04545602389
"15",15,175.537064709899,1333.83527684432
"16",16,143.027912017481,1126.48783086133
"17",17,160.131166198395,1198.70387438428
"18",18,144.781399366088,1192.86039421098
"19",19,156.909287251381,1354.27901997042
"20",20,177.495742260599,1406.5715773297
