"","time","MRA","LR"
"1",1,0,0
"2",2,134.612726731334,488.791002207869
"3",3,55.8137034795677,548.650092985137
"4",4,70.11408880883,560.659501661207
"5",5,80.1020742140179,673.300592551486
"6",6,107.182278228215,726.116912386008
"7",7,99.4438074171787,753.39450409349
"8",8,108.907964650095,821.387231352662
"9",9,105.508187985678,860.745945821034
"10",10,98.3705634724453,932.677331167321
"11",11,139.000437422291,1072.06640371631
"12",12,114.224048151159,1039.15882510591
"13",13,135.53112550663,1192.99348295541
"14",14,112.99841970847,964.589230434755
"15",15,123.896806770837,986.017850131796
"16",16,152.896336133702,932.980938818506
"17",17,153.126021565509,965.070301264319
"18",18,141.754872935832,1032.0568279062
"19",19,148.938262234529,984.777141974564
"20",20,133.804770202496,976.209394101474
