"","time","MRA","LR"
"1",1,0,0
"2",2,122.887371396361,518.085859428929
"3",3,83.5839317023683,598.517814796411
"4",4,83.642830116723,613.298907755749
"5",5,107.29781510137,660.50326482048
"6",6,110.393054601279,582.885902523291
"7",7,112.100949931633,706.261867698621
"8",8,117.542050090974,1103.23475733995
"9",9,111.856517949656,1305.73913844643
"10",10,122.953820302245,1238.14593029151
"11",11,125.31378580004,1299.04599045556
"12",12,120.457093957571,1267.42815265264
"13",13,127.706766547896,1252.424081855
"14",14,117.837267631454,1174.41963197184
"15",15,132.337172212059,1046.81850079558
"16",16,120.142951129467,1024.60295144181
"17",17,120.321515247407,1080.28099144125
"18",18,104.710184822847,1068.23862677111
"19",19,106.750181273404,1034.44693529109
"20",20,99.3878835914358,1044.37209848661
