"","time","MRA","LR"
"1",1,0,0
"2",2,140.901900825241,452.80961355471
"3",3,74.5061981037876,582.949123556321
"4",4,85.6092004498411,696.823522732748
"5",5,81.7113207288107,829.470771132884
"6",6,128.738903966764,911.667471725126
"7",7,140.504640162593,1096.49389886875
"8",8,136.403314578597,1155.65697620554
"9",9,106.811591889406,1119.1239273127
"10",10,90.5276590865153,1007.87934973605
"11",11,108.886242325518,1080.40184717592
"12",12,119.387245722187,1035.57323964317
"13",13,110.764365500213,1056.51856771394
"14",14,129.16619858989,1016.68379490251
"15",15,152.982074889803,1208.41685842825
"16",16,144.171118517803,1191.42286612513
"17",17,161.507055849061,1207.79948560634
"18",18,127.153459731579,1155.41183623614
"19",19,145.280152258089,1213.38496339428
"20",20,174.271315156338,1364.5606427333
