"","time","MRA","LR"
"1",1,0,0
"2",2,137.816170942868,503.469194622229
"3",3,87.464868611613,596.607909871704
"4",4,80.4805881992087,509.118302984481
"5",5,81.440559287012,575.494739101869
"6",6,117.023477732108,686.413233244605
"7",7,141.157443159163,757.175193584482
"8",8,160.522531792226,847.474754599818
"9",9,162.935112624658,920.207579866933
"10",10,168.866613981104,1180.71400784765
"11",11,160.851861909759,1167.50764416759
"12",12,132.728590644313,1229.90744655772
"13",13,127.9247592461,1225.66162698138
"14",14,118.584911836963,1169.09812561146
"15",15,111.551556319535,1138.2377970589
"16",16,114.095325419587,1326.05918100425
"17",17,136.070506302918,1392.42973951301
"18",18,143.619620540553,1484.39886935409
"19",19,140.796722829989,1261.29751837728
"20",20,128.369579916067,1164.69975748991
