"","time","MRA","LR"
"1",1,0,0
"2",2,135.692083555635,429.798400517115
"3",3,83.6042255446687,530.737836743647
"4",4,104.160395046237,674.727712283824
"5",5,116.269551596664,778.62561405854
"6",6,119.080427724717,902.62060077227
"7",7,119.546627905903,969.456736506659
"8",8,145.308407053138,1163.18207123871
"9",9,128.038876501164,1087.3462605337
"10",10,128.007298527499,1386.57008666938
"11",11,141.423124169402,1301.92324477768
"12",12,138.465417027373,1269.83349705754
"13",13,137.83925954752,1275.85124441401
"14",14,145.349608838945,1248.66480391794
"15",15,131.124969807175,1431.80877220287
"16",16,135.035162579983,1398.13570041172
"17",17,114.045277211017,1324.34707909599
"18",18,114.954986727084,1252.93880719357
"19",19,130.118553406981,1410.31962972961
"20",20,178.214164842734,1572.21617328489
