"","time","MRA","LR"
"1",1,0,0
"2",2,120.832739954593,462.047785733532
"3",3,73.6376150350875,504.161142992679
"4",4,93.1567575489661,668.172289622698
"5",5,81.9680854260273,728.712612299827
"6",6,95.2214504017982,691.679877858894
"7",7,105.645131708842,824.088925044692
"8",8,128.966598017693,749.962558492861
"9",9,151.544067629432,994.878248380197
"10",10,108.488245432658,980.406165779736
"11",11,113.359900831894,1001.80932701588
"12",12,113.678548320185,1035.71734959104
"13",13,109.666030358182,953.16923919191
"14",14,130.081005816186,1015.76288673954
"15",15,140.09508517117,1113.10185160414
"16",16,157.299583109933,1068.29314688812
"17",17,128.1762563995,1123.40576925354
"18",18,141.270687425832,1077.85272414067
"19",19,148.131774038215,1052.73470659109
"20",20,155.42544909365,1083.31043145102
