"","time","MRA","LR"
"1",1,0,0
"2",2,130.852427638014,426.896448349727
"3",3,75.3250350405357,517.149220815908
"4",4,80.9676040701742,586.023052928858
"5",5,85.9286253350172,683.156697989525
"6",6,94.8566639148107,742.76350582043
"7",7,121.219870854749,747.58707130316
"8",8,129.22280012598,763.849041186046
"9",9,131.101866237207,787.026414132408
"10",10,135.740513564014,930.448168188176
"11",11,123.569232122163,1000.51951592044
"12",12,114.36912165038,890.194261931185
"13",13,143.098281527726,926.54233725818
"14",14,172.722318887788,1039.79302096527
"15",15,163.692236354899,1224.95876330316
"16",16,158.117001221759,1176.09046238104
"17",17,143.245944823102,1004.57968079413
"18",18,141.256232326263,998.414498236549
"19",19,148.907601967064,965.175596502104
"20",20,119.010991429214,946.963562744554
