"","time","MRA","LR"
"1",1,0,0
"2",2,124.975910419515,497.646670212649
"3",3,77.3588481673459,531.989528717409
"4",4,82.113913645748,471.248989264256
"5",5,109.302752408838,601.917762201619
"6",6,90.2285590420056,673.167121104641
"7",7,106.705028356526,791.400512004745
"8",8,94.9914655050555,879.600707901354
"9",9,92.4850886974716,764.774573008978
"10",10,114.488018999449,701.065243028665
"11",11,116.573045736059,906.368280135389
"12",12,114.721912869036,920.491556775105
"13",13,105.552927278405,891.535789194279
"14",14,153.507176749662,1060.01601930476
"15",15,136.380075479908,1039.39205435667
"16",16,137.310540440243,1013.10842677199
"17",17,123.891707949751,997.92167220104
"18",18,132.79273777948,947.947025411895
"19",19,107.340368140486,895.357516228269
"20",20,114.862870833831,888.0551808477
