"","time","MRA","LR"
"1",1,0,0
"2",2,131.034575125215,474.518191658871
"3",3,81.4694769134127,508.674124297592
"4",4,62.9506942358838,595.668909862902
"5",5,80.3676787993668,741.967604033679
"6",6,94.2617760928913,814.124487673526
"7",7,95.7600282143737,785.992132804305
"8",8,97.6025352315501,842.267244882951
"9",9,84.4837291548076,821.596744587948
"10",10,97.5090067096361,826.232710497882
"11",11,109.329941804569,927.254671951818
"12",12,105.298398891272,860.735517892051
"13",13,121.136014088145,965.435297460322
"14",14,119.418653926345,993.644340414119
"15",15,116.0710344969,946.318651954509
"16",16,98.5059541012093,944.196929721222
"17",17,93.3611978655074,720.221819644307
"18",18,119.798118691736,950.086692236745
"19",19,153.249038421158,1101.69117578323
"20",20,154.287413214699,1086.66290202997
