"","time","MRA","LR"
"1",1,0,0
"2",2,121.884332535084,509.155833458132
"3",3,80.4341430062245,497.888317565304
"4",4,93.3637660381601,759.856173743456
"5",5,77.5996317713068,757.404492784973
"6",6,113.973477797667,895.050033526896
"7",7,102.690341577714,1110.57683800098
"8",8,120.130156769786,1280.21170963675
"9",9,106.582651987812,1260.57853646989
"10",10,112.979894077299,1220.45142273889
"11",11,128.566434964601,1173.45642109163
"12",12,117.606958598964,1078.09827010969
"13",13,107.435366036743,1086.61951759409
"14",14,106.224546634098,1156.87804684296
"15",15,121.482496218246,1116.34695542646
"16",16,122.881443710166,1155.77825800898
"17",17,161.51190194513,1297.66021684619
"18",18,148.544171975672,1314.63582863141
"19",19,137.584547631282,1229.17396617667
"20",20,122.396423202618,1024.53257760946
