"","time","MRA","LR"
"1",1,0,0
"2",2,132.973424978206,486.744163517409
"3",3,100.435104706858,637.440572582494
"4",4,83.9371803406978,703.632019301202
"5",5,93.4782350762866,781.924849756725
"6",6,99.2288820638817,825.856866241254
"7",7,106.522383627256,874.160502388408
"8",8,117.163080794557,923.341375689617
"9",9,109.644424540489,966.819424048734
"10",10,138.909344896728,1253.56784058357
"11",11,148.52963330378,1108.08840320492
"12",12,112.386640988115,927.200166913383
"13",13,129.196646270571,905.728577742896
"14",14,137.307897187763,1115.13567428426
"15",15,130.591115129724,1202.99404675463
"16",16,143600554481558912,-393585104484443264
"17",17,140.45869965724,-462.241759116514
"18",18,264.840808094992,267.186060976237
"19",19,306.293417172158,624.039509043912
"20",20,-6887.35491015381,-9855.29382676106
