"","time","MRA","LR"
"1",1,0,0
"2",2,134.966157094758,482.394671435866
"3",3,74.1678609146509,471.238258669231
"4",4,87.3865813664644,615.390797446156
"5",5,95.2809580537217,716.195543132784
"6",6,91.4887229359526,846.109153715332
"7",7,106.462980065725,954.637375397301
"8",8,154.546719508817,1035.32459652807
"9",9,155.725898845202,1169.49743544414
"10",10,143.840042163099,1209.85171209299
"11",11,162.709736662719,1278.07519858696
"12",12,210.061874283869,1383.6890344259
"13",13,172.491499072658,1351.83013033406
"14",14,162.346622962319,1300.99662835672
"15",15,156.461250692927,1238.14181346815
"16",16,127.062649332608,1201.00418953796
"17",17,104.98151978907,1122.33192692366
"18",18,123.264333829564,1131.82523289328
"19",19,164.081667143444,1294.53775611946
"20",20,168.764575039924,1387.82214315202
