"","time","MRA","LR"
"1",1,0,0
"2",2,141.181493926897,439.61850607422
"3",3,98.5185153491833,548.212190476929
"4",4,101.748491711347,478.209155589404
"5",5,119.586276835334,608.90417705218
"6",6,125.252729830529,840.065151752942
"7",7,117.887157963645,851.891578445279
"8",8,111.837483748124,823.785976622937
"9",9,96.6314207255922,814.511070143668
"10",10,118.220414640853,827.299697862113
"11",11,132.413938425712,808.630756596062
"12",12,130.240286295356,959.613949608994
"13",13,127.720495993352,1120.86876247223
"14",14,107.017481600565,1197.25810036114
"15",15,122.016744238514,1274.29123958557
"16",16,126.803913258128,1296.70612673995
"17",17,121.619510696957,1228.44252425927
"18",18,131.320939532102,1246.1415545044
"19",19,142.112794819667,1436.00964459932
"20",20,157.699374975052,1371.02082087805
