"","time","MRA","LR"
"1",1,0,0
"2",2,142.86857440668,448.339146175328
"3",3,86.3397027517539,523.749767683504
"4",4,86.9526421139221,672.31754816045
"5",5,94.0941183935767,749.527303888927
"6",6,115.506878454094,768.719734638465
"7",7,125.133399384253,707.657161055767
"8",8,99.7422078585815,772.112696255227
"9",9,94.8051724880527,850.918060061575
"10",10,99.4854596211854,900.357081130963
"11",11,104.169343822867,992.594866726452
"12",12,116.996714649096,938.106709226268
"13",13,129.605856612485,1310.57358003697
"14",14,146.127308846956,1319.25096855029
"15",15,142.137439025457,1161.36822238769
"16",16,149.70794630456,1062.16246844548
"17",17,129.41728935491,1039.00333406734
"18",18,150.548016942459,1009.26813073709
"19",19,125.224930462617,1001.93271191424
"20",20,119.399681313465,965.810293313815
