"","time","MRA","LR"
"1",1,0,0
"2",2,145.407030251574,482.545027246554
"3",3,99.76931172781,606.73281269093
"4",4,79.8060654708811,707.645138099607
"5",5,100.372295636067,670.251936548563
"6",6,83.3868654401879,695.797947256766
"7",7,114.784222200998,794.976781424279
"8",8,109.763915141643,864.912418851777
"9",9,106.630913907658,857.408202332512
"10",10,133.976976125313,1045.49887112826
"11",11,131.591624607689,963.296426302648
"12",12,120.772447601414,1042.53883846701
"13",13,115.636830007581,970.602843299713
"14",14,107.340220507425,870.789356190825
"15",15,102.759184436222,1109.7726442992
"16",16,129.58557165557,1311.36855873806
"17",17,143.827207394705,1329.44026796218
"18",18,131.578402792284,1352.98316565087
"19",19,121.925357767162,1363.36000814928
"20",20,115.939490217399,1303.42193203751
