"","time","MRA","LR"
"1",1,0,0
"2",2,137.701996955293,487.397636128484
"3",3,67.6615397790905,524.273909092374
"4",4,61.0190475375449,608.645171050355
"5",5,82.6208367861166,686.018133863124
"6",6,91.8606060146863,699.429400652091
"7",7,86.7708833084496,659.632949531593
"8",8,84.5075032042635,674.091709966629
"9",9,96.7019114033025,845.561943237603
"10",10,96.7304188891978,766.94416164398
"11",11,100.100397929525,869.547797157122
"12",12,109.071388029306,886.446010085769
"13",13,100.154670330226,834.106345795905
"14",14,109.505075438552,1005.56625875742
"15",15,117.471686605822,1209.35142496232
"16",16,113.881572364894,1211.21454925747
"17",17,137.479382384306,1308.0512091095
"18",18,154.534102023585,1221.50175180668
"19",19,170.129316953803,1246.52488226241
"20",20,153.497432952624,1247.67345230146
