"","time","MRA","LR"
"1",1,0,0
"2",2,131.078499289305,493.187074341481
"3",3,86.8171900890758,568.030649288064
"4",4,80.5851924478044,679.006785981545
"5",5,103.351661577272,764.675033446292
"6",6,122.622545901727,1057.76083647269
"7",7,111.560232548432,1077.3104934716
"8",8,129.895251538939,993.493584853901
"9",9,138.372084466821,1003.71530559817
"10",10,154.908869989685,1055.23962749976
"11",11,136.994227292066,1041.66552952977
"12",12,139.502298791816,1033.87537378631
"13",13,140.565399640435,1063.76808904768
"14",14,130.227757803688,1081.07602381653
"15",15,116.827013605848,1045.14498861491
"16",16,160.558796142974,1005.32267985295
"17",17,145.175971885217,829.727440607683
"18",18,147.840546882007,882.495148525437
"19",19,128.802113128709,882.042750221468
"20",20,127.099915559443,868.826850660188
