"","time","MRA","LR"
"1",1,0,0
"2",2,135.346612497284,438.791596412063
"3",3,81.7139753428424,484.448516954404
"4",4,93.608867082861,564.594114261442
"5",5,115.415702107746,691.630894118613
"6",6,119.972178629906,799.007031034397
"7",7,135.696897580728,1060.40617823337
"8",8,156.034435940228,1104.93488496074
"9",9,148.50353058062,1323.69587965065
"10",10,160.973086670066,1271.08731064336
"11",11,149.099363710993,1121.86532716219
"12",12,143.550357784318,5.61363895068561e+26
"13",13,145.60021163846,1870.38669315169
"14",14,149.883907061916,1726.40679344107
"15",15,153.651275498236,1712.26968150551
"16",16,154.124422599351,1553.54065157423
"17",17,144.620212965376,1546.5884251983
"18",18,143.580061871697,1508.99875596041
"19",19,144.747460598407,1315.73943279595
"20",20,160.089010871747,1237.42773848897
