"","time","MRA","LR"
"1",1,0,0
"2",2,138.588649606143,485.284034311344
"3",3,94.5415858738999,486.71835614377
"4",4,99.1721072056347,705.613613962567
"5",5,98.2352189163342,818.522833772879
"6",6,126.471869534827,811.770686560693
"7",7,119.393094652426,786.152268322055
"8",8,114.022497379839,977.520790485338
"9",9,125.937106157881,928.644228811976
"10",10,139.363820513111,1075.25752353494
"11",11,150.156645061614,1067.99228794949
"12",12,123.154021623808,937.97983671283
"13",13,142.069817171931,925.584366527571
"14",14,101.355459719333,972.024852140373
"15",15,134.317283546903,998.842272352489
"16",16,88.2937157626696,946.398578543329
"17",17,120.121198083888,1018.79495454957
"18",18,156.479471780355,1132.65385811908
"19",19,140.042248405498,1207.66636970842
"20",20,163.981327878749,1309.56086646275
