"","time","MRA","LR"
"1",1,0,0
"2",2,130.604577079306,470.663927081924
"3",3,80.8995158829007,572.136448983811
"4",4,86.7830217072125,639.163770296154
"5",5,109.144076070266,728.671960772642
"6",6,92.9129766888691,766.094743097929
"7",7,104.27740412296,837.449098565905
"8",8,113.892590643115,845.191707768634
"9",9,102.460568062791,844.78846878826
"10",10,107.377397079049,981.09913557087
"11",11,121.781542315081,1017.04065173823
"12",12,125.197245514568,898.682852926232
"13",13,113.715501751109,966.3105513323
"14",14,108.741038111001,915.488134660567
"15",15,144.734075676252,999.218445765153
"16",16,151.743739212308,1029.12715199979
"17",17,151.596519429269,1131.38214295993
"18",18,128.086175565249,1108.10578309445
"19",19,119.311772681356,957.071577989186
"20",20,128.369814776073,957.543458798732
