"","time","MRA","LR"
"1",1,0,0
"2",2,141.047412645001,535.348245208222
"3",3,82.9183952914427,592.001652196805
"4",4,118.91324418248,702.171830952107
"5",5,100.689451089732,727.559292980598
"6",6,131.023055937195,995.212523395211
"7",7,110.044385504042,915.502587086897
"8",8,140.577944297974,1019.77169314305
"9",9,122.777210220819,829.536709406347
"10",10,129.435649227723,840.620807312902
"11",11,135.359978767144,858.756057484314
"12",12,122.923656460886,916.275597676671
"13",13,127.22723587767,1024.07134680308
"14",14,129.653823224579,1023.61332852596
"15",15,126.191112582496,1035.00033750924
"16",16,135.64668128372,1046.58933477349
"17",17,145.228448044848,1204.67913969657
"18",18,122.10119271752,1247.6980794396
"19",19,104.479716034989,1335.22055863963
"20",20,115.331217902367,1325.20479537894
