"","time","MRA","LR"
"1",1,0,0
"2",2,127.107224208942,464.382000204601
"3",3,73.2999893163263,525.265522998939
"4",4,79.6870897155544,541.028535832997
"5",5,85.5004500403707,687.155226168497
"6",6,90.5049776386126,695.074935738125
"7",7,89.7274664421783,740.018949709527
"8",8,119.766929442549,787.810858553902
"9",9,109.751123976059,804.409332881344
"10",10,107.454678239735,909.514924694419
"11",11,126.807967973485,988.342802347057
"12",12,126.728405580314,1067.13709903681
"13",13,100.195831026822,1056.07240936377
"14",14,98.5962898202557,1203.07470299196
"15",15,119.039220265163,1199.8102073938
"16",16,92.8450127989022,1049.99683647233
"17",17,131.738350741849,1125.14508399332
"18",18,124.582496205799,1015.71438396817
"19",19,126.550516715189,1110.89790063856
"20",20,151.547028951904,1135.03339210848
