"","time","MRA","LR"
"1",1,0,0
"2",2,133.302908854179,496.302385997914
"3",3,84.1502953353578,527.529139673384
"4",4,87.6453826147454,634.412635956639
"5",5,83.2941064958088,725.802160207102
"6",6,81.6501527230645,802.007241666023
"7",7,125.756115607074,1025.57848187375
"8",8,115.690205205751,1016.66329422373
"9",9,127.475256176078,1006.30137086037
"10",10,137.944290813122,856.701691064509
"11",11,125.130334735509,1011.41830667632
"12",12,158.150561852471,999.020254791468
"13",13,144.417919636697,1150.96419400493
"14",14,138.035745820397,1323.72885846324
"15",15,122.988485850446,1246.05420583642
"16",16,114.149933793829,1187.8165335245
"17",17,128.928361786332,1307.25846234957
"18",18,133.741976121446,1352.51616864796
"19",19,131.243964831903,1363.17818335802
"20",20,116.533082999701,1308.51585471231
