"","time","MRA","LR"
"1",1,0,0
"2",2,133.330222280923,498.411981405534
"3",3,76.9602935842112,533.892406794696
"4",4,87.0788311855714,458.363977510692
"5",5,93.3854101476594,557.010627916351
"6",6,101.652183762835,612.050270387349
"7",7,111.71506157577,615.443691676154
"8",8,112.294868097399,636.818340886406
"9",9,111.683373626665,723.749464710871
"10",10,104.055847580492,823.391617600196
"11",11,146.415030045525,910.228800174677
"12",12,143.310976812873,861.540417688461
"13",13,137.614979609328,877.593305954323
"14",14,124.49286844715,915.10606723561
"15",15,124.076838484538,899.513893452343
"16",16,129.591589360493,881.94485099385
"17",17,138.314484571511,881.396196834999
"18",18,131.336430102265,950.303886562144
"19",19,104.738929127708,903.954275287484
"20",20,142.39062276432,917.750848004225
