"","time","MRA","LR"
"1",1,0,0
"2",2,113.425079559696,474.963450262502
"3",3,64.7668264621376,489.100458415595
"4",4,83.8497985023389,664.738573915918
"5",5,82.7520852083924,705.647272352771
"6",6,105.742832255629,696.470217142423
"7",7,118.837738713049,770.479932487976
"8",8,139.017589230865,872.800862204985
"9",9,129.199198444958,1016.34075816308
"10",10,154.8507613567,1182.34320320788
"11",11,152.974279900965,1504.62072486369
"12",12,157.716469055995,1520.29339216079
"13",13,161.042904279173,1553.84239904817
"14",14,125.707051342131,1277.70399417325
"15",15,120.342689129279,1011.51636730999
"16",16,129.523723197552,1036.4605029372
"17",17,144.000148502291,1098.95033762395
"18",18,140.326170258541,1323.06677634586
"19",19,139.05965238692,1323.80033712863
"20",20,146.141871920422,1394.27561915189
