"","time","MRA","LR"
"1",1,0,0
"2",2,136.438745891701,500.217450541511
"3",3,74.7834248233873,614.290877328872
"4",4,60.9044573790576,610.151538963251
"5",5,98.9875249210949,623.545567183062
"6",6,119.974359120124,709.161323903601
"7",7,114.577358387163,777.462446296587
"8",8,127.724156868254,986.855299536012
"9",9,109.874865969939,1075.28915273986
"10",10,121.150530087625,1075.61588172978
"11",11,126.878901118562,1094.07962427033
"12",12,140.493993499631,1028.95704000211
"13",13,158.526042611998,1042.05839988877
"14",14,129.511583476382,1106.09874598235
"15",15,102.390791112021,1057.59394777342
"16",16,131.863018023643,1114.06314652453
"17",17,134.082129562748,1155.01329817724
"18",18,126.977193656349,1102.788340902
"19",19,129.518908159536,1048.19335225984
"20",20,127.883210639706,1075.84788438697
