"","time","MRA","LR"
"1",1,0,0
"2",2,125.016907014893,423.53208233466
"3",3,77.8903091395316,506.195105332981
"4",4,72.1373662057808,668.164708653302
"5",5,101.90116136011,951.171116615804
"6",6,106.923951515717,871.575745074805
"7",7,89.6592711822425,1100.55291511138
"8",8,128.554727637253,1215.21244905382
"9",9,125.135378778969,1042.00742251859
"10",10,123.30037998718,1055.6760271884
"11",11,108.341117416873,1142.753417237
"12",12,101.327056978556,1121.83571125283
"13",13,97.8847101448622,1074.04319255142
"14",14,101.336205932712,1119.78496086638
"15",15,87.4578737082383,1140.93617395445
"16",16,133.17393035398,1209.09883760242
"17",17,114.159442253292,1191.68367714211
"18",18,118.27606656349,995.748109376755
"19",19,110.931584463525,1040.80769422053
"20",20,135.948328283904,957.427869375715
