"","time","MRA","LR"
"1",1,0,0
"2",2,141.669657904349,551.047986888826
"3",3,73.6224916555348,573.392532389958
"4",4,89.9058111384679,642.557852626335
"5",5,127.066298159265,916.691611968797
"6",6,127.14741111483,954.277067350171
"7",7,128.427224197153,964.111374813083
"8",8,129.130833056943,889.539928522859
"9",9,122.519022099421,918.50722780166
"10",10,159.576000533495,1147.02315388041
"11",11,129.542223950028,976.24037193503
"12",12,129.535929105182,1072.7952086718
"13",13,181.422893156669,1224.27033655894
"14",14,138.462502335987,1250.8869115491
"15",15,135.732488257346,1085.77489650453
"16",16,138.83955755384,1047.63306783889
"17",17,161.221607938787,1098.34976018747
"18",18,132.741651030644,1003.03704958235
"19",19,150.816511920907,1047.60572674606
"20",20,173.561402778789,1209.37938293142
