"","time","MRA","LR"
"1",1,0,0
"2",2,138.8365599568,481.850411941207
"3",3,71.5076625117739,517.23314829988
"4",4,69.1880071674857,677.565695238046
"5",5,103.33105521368,764.77462125978
"6",6,95.1290958248599,806.578584776325
"7",7,105.534646904986,914.947728129021
"8",8,95.3920928284467,776.959602986888
"9",9,106.776607178243,871.27568370967
"10",10,122.050900711251,914.236865404861
"11",11,131.461438062818,1022.9758784216
"12",12,119.411399762593,917.718552338262
"13",13,110.256458864269,846.499148455519
"14",14,107.408076131534,796.309415338809
"15",15,103.714166100051,892.359091705159
"16",16,92.6196329743758,954.143823141195
"17",17,125.119146777409,929.994879994294
"18",18,118.733048527518,902.257446698193
"19",19,139.84958927737,1054.73791598694
"20",20,129.414038645281,929.47676806471
