"","time","MRA","LR"
"1",1,0,0
"2",2,147.429179808141,496.054036861924
"3",3,79.0883657304639,516.939898152488
"4",4,78.5813345951707,654.187744053553
"5",5,94.8334706855339,764.160292674747
"6",6,107.927919341994,804.242147424893
"7",7,130.278057188477,795.373528091837
"8",8,98.2627696750549,692.807074584181
"9",9,113.280546024384,862.012093307122
"10",10,120.299447228488,877.697928253829
"11",11,126.569069214594,845.347216037111
"12",12,130.079354931863,978.157314621165
"13",13,112.176765810266,841.21535798413
"14",14,115.283636737896,817.689827883903
"15",15,123.174178930758,1005.2705303279
"16",16,120.637701359998,916.560962663935
"17",17,125.583932931247,1048.04219076365
"18",18,142.916221427265,1116.69377781725
"19",19,139.482497399993,1025.44456773689
"20",20,141.366392012565,1152.7582863666
