"","time","MRA","LR"
"1",1,0,0
"2",2,126.06944790324,446.520878546504
"3",3,81.9108754552743,511.69313687023
"4",4,87.7622608084274,573.801306500982
"5",5,107.082255003062,612.25800936575
"6",6,119.574761536743,717.549579937734
"7",7,134.120054118227,726.805156648595
"8",8,116.620727068868,815.463776661512
"9",9,122.030884661977,971.490709920689
"10",10,120.437727496672,1018.17744943552
"11",11,107.863682374973,1064.95094666026
"12",12,127.594722051753,1053.24047171106
"13",13,153.794605748049,997.630929417276
"14",14,134.146289192687,922.014063480789
"15",15,150.572014015595,1043.68275554534
"16",16,154.25470923758,1191.50818225841
"17",17,162.956653593802,1305.09316452689
"18",18,177.711090133181,1359.0115803741
"19",19,143.953236986768,1458.80351712192
"20",20,168.834064637214,1503.4362037435
