"","time","MRA","LR"
"1",1,0,0
"2",2,133.760437002699,501.864693089129
"3",3,86.124836635631,579.482352914308
"4",4,96.5276867166233,591.285128530359
"5",5,127.410674299436,726.917008201453
"6",6,125.297094838201,765.762718271347
"7",7,108.009204785967,787.213057669028
"8",8,117.117200549502,871.295783297101
"9",9,136.952844486416,910.8862153453
"10",10,113.361761004629,844.568970398903
"11",11,113.6705203197,928.948346133535
"12",12,98.0754620926581,967.637094737589
"13",13,110.884451024255,1072.60085072138
"14",14,118.224701737753,1075.82455619719
"15",15,137.334305428511,1000.77763575993
"16",16,127.471739945375,928.283505411139
"17",17,121.148916725944,987.041139771549
"18",18,124.668108716052,1008.11235355386
"19",19,169.412531941874,1143.39182783164
"20",20,153.407403016278,1269.4350622297
