"","time","MRA","LR"
"1",1,0,0
"2",2,131.673367477888,460.151717736896
"3",3,84.4669479485395,481.70991994607
"4",4,89.4676716992135,590.354150887262
"5",5,98.2212290641837,714.743734945716
"6",6,100.193289335422,741.098280117121
"7",7,113.224257643877,763.62288584891
"8",8,100.169849900068,772.439885254335
"9",9,130.210125378157,964.578291170508
"10",10,114.063144643398,955.141757862516
"11",11,124.404876055215,914.44266180171
"12",12,134.277997075613,924.75831730852
"13",13,154.736561014315,1174.30117587652
"14",14,150.084969081202,1140.0111823691
"15",15,107.271252005098,1164.88295004828
"16",16,97.9735645721346,1138.28707143467
"17",17,115.765281769748,1343.08747121796
"18",18,129.290072864017,1184.30016170985
"19",19,130.509104749302,1085.4085810682
"20",20,128.942248793349,1324.63065418961
