"","time","MRA","LR"
"1",1,0,0
"2",2,123.182131756669,468.795617826243
"3",3,78.8898720499748,521.44872038073
"4",4,104.259903988591,681.51845269593
"5",5,107.327085484726,788.551489421168
"6",6,116.963512071022,882.388360414392
"7",7,112.333988646265,911.099834686408
"8",8,103.175579717581,887.225033504652
"9",9,124.867902000384,964.211082040863
"10",10,108.916204342443,871.706655650011
"11",11,122.860166409053,1056.78281879236
"12",12,107.387341224997,982.594470388697
"13",13,97.1887308722221,991.576000708327
"14",14,114.676323127626,860.563191664473
"15",15,103.640552205667,799.110363434921
"16",16,126.005985432124,925.648098226603
"17",17,124.743032929928,940.760020883924
"18",18,121.143696010839,1050.06458905234
"19",19,126.84268258851,1138.01751827501
"20",20,140.061026409224,1123.1833048002
