"","time","MRA","LR"
"1",1,0,0
"2",2,139.348278189137,468.835433985122
"3",3,84.5210588018666,585.572170274777
"4",4,83.5630656763831,609.856200287915
"5",5,74.687277300716,592.88589382165
"6",6,97.9721762126331,790.118101747565
"7",7,119.297393713081,880.345762148662
"8",8,131.094456070207,978.694408160355
"9",9,101.64845831642,1101.90694837574
"10",10,100.240877289659,884.349428331772
"11",11,137.286104953214,908.13741219771
"12",12,133.966831773988,793.804939664382
"13",13,149.948962358316,929.765091478708
"14",14,122.16253527286,878.47913588005
"15",15,115.00673196948,1015.43301352242
"16",16,112.214218434926,1173.24816766617
"17",17,124.731351895383,1114.53209326674
"18",18,128.049657587021,1069.77363601007
"19",19,142.837415262163,1006.76593933215
"20",20,127.533815892547,1113.59486844662
