"","time","MRA","LR"
"1",1,0,0
"2",2,144.470452405236,495.333783021603
"3",3,75.1883244592153,472.580105771645
"4",4,64.9215037579776,496.260359333018
"5",5,104.648704313124,650.099124608822
"6",6,116.045487299022,678.63078063728
"7",7,107.21588421525,724.984415770188
"8",8,107.520375962805,671.693036420548
"9",9,110.559959469637,757.275345846473
"10",10,137.380577902288,846.894451771635
"11",11,157.889867574989,932.092623389024
"12",12,165.239842439878,890.574919114492
"13",13,139.98857048856,798.894669180606
"14",14,138.36712885754,929.762888851866
"15",15,145.217113953018,975.272225494903
"16",16,132.320310866383,1030.52940421261
"17",17,133.284163747828,1058.6823131754
"18",18,135.094934364603,1001.9656106496
"19",19,128.793631683796,1025.46861296618
"20",20,150.030267740113,1118.03480915145
