"","time","MRA","LR"
"1",1,0,0
"2",2,128.258213998595,484.102585423892
"3",3,74.6098540345091,479.64055655482
"4",4,88.4959741823347,630.073798311187
"5",5,97.0959850849578,769.871243611992
"6",6,73.6430274063554,695.14380143635
"7",7,105.047845967423,778.10303457321
"8",8,128.231816428352,673.170741967429
"9",9,108.131118204492,587.876340590509
"10",10,131.547380247179,732.723415692721
"11",11,140.740263638494,895.537087606497
"12",12,131.107370060038,967.597527179564
"13",13,154.231635383064,1036.7539163501
"14",14,163.804483392971,1108.42631267607
"15",15,156.650367518104,1050.26041587374
"16",16,161.787073722121,1211.32262423952
"17",17,167.024135209712,1261.16546586436
"18",18,165.435470279561,1352.0937625279
"19",19,151.474353727328,1200.90773573839
"20",20,166.49029945936,1169.71916253343
