"","time","MRA","LR"
"1",1,0,0
"2",2,139.828890977192,469.618072781612
"3",3,70.9950777207778,444.779639576504
"4",4,76.0540112371075,488.363959393663
"5",5,88.8509156593304,547.300434051315
"6",6,103.725758611562,803.336057496941
"7",7,129.412821611236,811.332480239554
"8",8,162.869363939571,954.602503837978
"9",9,139.100108452743,918.219381856466
"10",10,123.429300818856,988.123941532284
"11",11,127.472676023084,903.487671869559
"12",12,132.877380246751,866.94066979261
"13",13,118.504914205976,999.337574413899
"14",14,120.656885191252,1034.10913489454
"15",15,133.409884474921,1087.88355742154
"16",16,120.503156538474,1134.63348812215
"17",17,130.351323113284,1147.25432548556
"18",18,111.481870020492,1.75748617496162e+20
"19",19,120.276471224238,1833.11191394859
"20",20,124.475931636352,1497.52197149114
