"","time","MRA","LR"
"1",1,0,0
"2",2,129.848888714354,459.100854465083
"3",3,83.8956031650778,502.913352887358
"4",4,75.7360403636927,627.666564390787
"5",5,98.3137781703169,792.992608814767
"6",6,81.8802559225256,889.105951424919
"7",7,116.024676404586,878.347770733174
"8",8,115.949199111813,829.025799747893
"9",9,116.009869194842,782.328988460353
"10",10,139.048081310699,876.210260185637
"11",11,142.371822538358,847.510335363612
"12",12,140.148168212903,858.00582359295
"13",13,142.35229501108,917.827587968134
"14",14,155.33060479403,953.29995840097
"15",15,137.306958946552,845.467980866246
"16",16,140.445983241859,987.073443695063
"17",17,144.213503329522,1056.29146794092
"18",18,122.720018316927,1028.83322700773
"19",19,141.245643931965,1053.39039389627
"20",20,150.756014663659,1067.00635133306
