"","time","MRA","LR"
"1",1,0,0
"2",2,126.345241411323,448.927191549401
"3",3,76.3898416241698,495.607504517102
"4",4,75.6216111866402,610.798645507306
"5",5,100.924688063273,688.408996163622
"6",6,115.237864006492,668.592008962514
"7",7,116.451975862351,838.295289769212
"8",8,115.286080534608,902.410919017004
"9",9,117.596053825013,1039.57945708124
"10",10,109.163591207109,1131.42444168094
"11",11,123.625461226913,1096.51636866066
"12",12,112.507782905476,1055.22251995975
"13",13,144.324393682909,1048.92725668452
"14",14,126.11568998825,1035.2572234681
"15",15,113.70344639902,1231.14240465539
"16",16,112.968755337998,1114.16371916625
"17",17,137.150647107636,1111.16640780934
"18",18,125.42249091592,1063.70354223371
"19",19,115.772478580223,1272.17475549045
"20",20,131.342121031732,1254.29754945071
