"","time","MRA","LR"
"1",1,0,0
"2",2,144.833463296177,524.492658527945
"3",3,90.4112933625279,552.650075368259
"4",4,76.1004270083514,598.227478890076
"5",5,108.137913840188,597.082679773108
"6",6,110.048050196049,666.142985444269
"7",7,125.823822702523,843.77419388928
"8",8,120.264566833125,936.872198492271
"9",9,111.530882010889,997.706095223498
"10",10,115.648975872813,984.809858853261
"11",11,106.73092623071,1070.06053229856
"12",12,113.925927626519,1018.14795584235
"13",13,121.634477253426,1048.91068879066
"14",14,119.062360924046,1334.47258876125
"15",15,153.965707193113,1249.74473266591
"16",16,127.069900206829,1133.80716378632
"17",17,122.721893132,988.189505538978
"18",18,135.496433491158,950.373086629162
"19",19,130.827331296386,1030.19757610661
"20",20,118.2301443418,967.365498531851
