"","time","MRA","LR"
"1",2,0.991071871409885,0.995932354108383
"2",3,0.992971320641902,1.01069809046627
"3",4,1.03882937584785,1.08053630858423
"4",5,1.03024582795155,1.12946839286816
"5",6,1.0060329169163,1.18852050458103
"6",7,1.0385521188324,1.20937651588087
"7",8,1.05894613995864,1.2346264115414
"8",9,1.00040504204085,1.25905243536527
"9",10,1.05765831963577,1.33410348502957
"10",11,1.0420543769416,1.26771468888494
"11",12,1.06363959250087,1.25669273304332
"12",13,1.07471533489644,1.24147990322755
"13",14,1.08937519202953,1.29822311179489
"14",15,1.07328413005286,1.2840741033281
"15",16,1.04998882182854,1.26274518529649
"16",17,1.0877112285271,1.40968246508315
"17",18,1.02626202554858,1.28891270850236
"18",19,1.0455889553734,1.30533949567169
"19",20,1.03367502142209,1.31189681724701
