"","time","MRA","LR"
"1",2,0.988809602796467,0.994629035967659
"2",3,1.01294607964368,1.0537735038358
"3",4,1.05251073437249,1.06900529939576
"4",5,1.01671774471544,1.1009166976285
"5",6,1.05192480828582,1.13376299554083
"6",7,1.01560943542333,1.18922772269506
"7",8,1.02744718007413,1.25204875436857
"8",9,1.05437471499725,1.1812926651547
"9",10,1.03354263702973,1.20393396102093
"10",11,1.029608590424,1.22080702090502
"11",12,1.04519347608473,1.20056192611004
"12",13,1.02456302478133,1.2145490051814
"13",14,1.04104134238544,1.22902626647921
"14",15,1.034815304279,1.1909460702326
"15",16,1.01660146252771,1.13701900658603
"16",17,1.01016925518421,1.12909612860491
"17",18,1.070532232698,1.26953587415158
"18",19,1.05460243027496,1.31662539817708
"19",20,1.03855612323113,1.31281527846036
