"","time","MRA","LR"
"1",2,0.99858880467322,1.04278041879338
"2",3,1.0107291701734,1.07355346311908
"3",4,1.00166200403082,1.13768825860747
"4",5,1.04153903281308,1.16862062342929
"5",6,1.02477411139064,1.1441423058081
"6",7,1.0084292413716,1.20902879003967
"7",8,1.04111289266181,1.14532837485603
"8",9,1.04734435912315,1.1576262091504
"9",10,1.03600578295285,1.13460190649415
"10",11,1.02405997790128,1.15445244970135
"11",12,1.03384772750513,1.18017336409271
"12",13,1.02679927260304,1.14028474970891
"13",14,1.02583525182678,1.13915119803991
"14",15,1.01009337650087,1.09544708474929
"15",16,1.04125146704348,1.12520911138894
"16",17,1.01755116368818,1.08136296828535
"17",18,1.05770546180882,1.27706203710349
"18",19,1.03956041555014,1.12934114642469
"19",20,1.05183397678404,1.14065150143715
