"","time","MRA","LR"
"1",2,1.06425361597768,1.10156538354762
"2",3,1.00851357826857,1.05683181612917
"3",4,1.01669848869964,1.07173749280561
"4",5,1.05128928180267,1.1211082988537
"5",6,1.03791064881497,1.05910860945855
"6",7,1.04682741900904,1.11016205485272
"7",8,1.02661840254507,1.10305447744457
"8",9,1.00567322373526,1.10886220947062
"9",10,1.00291350688967,1.0313384122005
"10",11,1.01575850933946,1.03700337810616
"11",12,1.01201396604158,1.06639408709517
"12",13,1.02570190753255,1.10023275426201
"13",14,1.00845842929898,1.10899450831693
"14",15,1.00015676431613,1.07481594028934
"15",16,0.99825558433689,1.1046731181311
"16",17,0.97322264953433,1.10666890629467
"17",18,1.01154863385657,1.15182060422485
"18",19,1.05145789758747,1.12966316376685
"19",20,1.06627508045573,1.13496331412257
