"","time","MRA","LR"
"1",2,0.974424667683456,1.0302698669042
"2",3,1.00504178896968,1.08418438810281
"3",4,0.998109516335157,1.14091502748209
"4",5,0.988145896562188,1.14259736453444
"5",6,0.997098246694534,1.19791977237663
"6",7,1.02192810601913,1.19442465786991
"7",8,1.01324527266626,1.15245834421024
"8",9,1.02123849639741,1.19781803017004
"9",10,1.0206721317657,1.20075764066817
"10",11,1.04273307022577,1.28599774754434
"11",12,1.05870403439211,1.22673201917509
"12",13,1.05908972512679,1.24055676053139
"13",14,1.06091586447721,1.25453731229889
"14",15,1.02233483670959,1.30193083916507
"15",16,1.03263130784013,1.30415331957593
"16",17,1.02296425474726,1.24553397259364
"17",18,1.05140369183257,1.29194113355803
"18",19,1.03848855060414,1.22905264416632
"19",20,1.02261983064306,1.1923066489137
