"","time","MRA","LR"
"1",2,0.997860637459295,1.09592012539505
"2",3,1.02876060262911,1.08927355992516
"3",4,1.03834870113307,1.12202225480685
"4",5,1.02434614525036,1.11936138376089
"5",6,1.01897341985572,1.1208843916218
"6",7,1.03577362183809,1.13355426141713
"7",8,1.04228880106068,1.14855361137409
"8",9,1.04609526180252,1.17434346887702
"9",10,1.0544323386761,1.22133062053829
"10",11,1.05652990728258,1.14804922794122
"11",12,1.0703077032886,1.21324788299227
"12",13,1.0445161432516,1.23505436117325
"13",14,1.02447031805592,1.1787062492263
"14",15,1.00775586385834,1.18977399980066
"15",16,1.02433703535377,1.20837277580452
"16",17,1.03204734021401,1.20009807775765
"17",18,1.06373990807699,1.33649024788349
"18",19,1.03990086296533,1.24249157127842
"19",20,1.03063169174507,1.16287548479473
