"","time","MRA","LR"
"1",2,1.02961523270928,1.06177888458839
"2",3,1.04089726671672,1.10558742185806
"3",4,1.05099217111777,1.06604224928773
"4",5,1.04449823197721,1.11016539504119
"5",6,1.03625439523215,1.13340356551857
"6",7,1.02766554676757,1.21801880696254
"7",8,1.06871483044826,1.2120720347447
"8",9,1.08700631053934,1.25243402045424
"9",10,1.06122718989556,1.21868886168176
"10",11,1.07776488840846,1.29931133809058
"11",12,1.08109226272002,1.35482684127599
"12",13,1.04403107166318,1.38323972238201
"13",14,1.06794419740758,1.37472569101169
"14",15,1.02457156972702,1.35672767155363
"15",16,1.05036708950253,1.27850359606789
"16",17,1.00838342243659,1.23804571585954
"17",18,1.02883594231022,1.2649800163715
"18",19,1.03492634477161,1.26993871150166
"19",20,1.06360094076942,1.33277100407298
