"","time","MRA","LR"
"1",2,1.00413677635544,1.03859967317896
"2",3,0.99692677267141,1.09140103864269
"3",4,1.02538687382993,1.16548328155251
"4",5,1.00315124589664,1.16590886634749
"5",6,1.02583402257247,1.14886177295261
"6",7,1.02910076079263,1.14324019305768
"7",8,1.00926424977268,1.12630673435763
"8",9,0.996404263813858,1.09287354184255
"9",10,1.01547694447947,1.17860686719815
"10",11,1.0267430214114,1.09625184281239
"11",12,1.04288498672045,1.15718266246938
"12",13,1.04062005403352,1.16682595738207
"13",14,1.0290331582369,1.1904374914527
"14",15,1.02660063916083,1.11370091036435
"15",16,1.03846777413357,1.17626905173738
"16",17,1.01254417307456,1.0991515501442
"17",18,1.01677710832226,1.09209904281836
"18",19,1.04418691653802,1.12937758165486
"19",20,1.04856355600494,1.19122668159344
