"","time","MRA","LR"
"1",2,0.954628982333257,1.04152059169887
"2",3,0.985843435608502,1.00719551312863
"3",4,1.01602614265273,1.11384705004437
"4",5,1.04490252863257,1.10561743943307
"5",6,1.0103109842018,1.07830378590665
"6",7,1.03481401838045,1.13007287649592
"7",8,1.01531401933922,1.17769812270168
"8",9,1.01078695301094,1.07250629218989
"9",10,1.0180473492087,1.19774865033147
"10",11,1.02447107882833,1.1874209413318
"11",12,1.04145944783741,1.19866380340759
"12",13,1.01414380493987,1.17277297848006
"13",14,1.03594831598062,1.19332438986856
"14",15,1.0299919059045,1.16123511903728
"15",16,1.03222429962062,1.21314846773954
"16",17,1.03361906633763,1.22859899279147
"17",18,1.05460942299486,1.2609558407832
"18",19,1.02652677705326,1.33836150165389
"19",20,1.08270306187684,1.44168786712453
