"","time","MRA","LR"
"1",2,0.971613495383127,1.02099605123259
"2",3,0.999615856828695,1.09619355211569
"3",4,1.01781455708022,1.16714177902088
"4",5,0.995281198807668,1.18233045879817
"5",6,1.03772092373697,1.23279665236006
"6",7,1.04570353940068,1.2607914026266
"7",8,1.02177570433946,1.19212971874813
"8",9,1.03067291491057,1.25179472181207
"9",10,1.02313896064836,1.13027261483147
"10",11,1.04016895337172,1.19049796380723
"11",12,1.03293277325396,1.17226266706937
"12",13,1.05233291037109,1.20939501525157
"13",14,1.05505585924157,1.21285114806872
"14",15,1.08141299556523,1.1849858384922
"15",16,1.1019000470019,1.25184370136761
"16",17,1.08079229472168,1.17156986449402
"17",18,1.03547682912817,1.17689686813098
"18",19,1.03551720503172,1.18324808348674
"19",20,1.05925586990425,1.25245988699829
