"","time","MRA","LR"
"1",2,0.995141261155635,0.991260477226736
"2",3,1.01297496424004,1.01857611464625
"3",4,1.02040241528545,1.02047258623052
"4",5,1.02609470799214,1.14593774418935
"5",6,1.03724515432998,1.1052371365055
"6",7,1.03778919377581,1.18405260305344
"7",8,1.04625327849092,1.17508621316652
"8",9,1.06313177343515,1.18864110476568
"9",10,1.04771753807827,1.17149521542198
"10",11,1.04123909112611,1.15738784240148
"11",12,1.05214593163624,1.78697384509062
"12",13,1.07245331579214,1.56213905370209
"13",14,1.08025985681267,1.4006413264097
"14",15,1.06840761131404,1.32327356947376
"15",16,1.03061814506799,1.25823627303342
"16",17,1.05673846671997,1.2706824183002
"17",18,1.05042327035968,1.25837260672565
"18",19,1.05419067932055,1.26754291482445
"19",20,1.07556292237837,1.23627861958412
