"","time","MRA","LR"
"1",2,0.995187392728552,1.03995103205861
"2",3,0.976089515376307,1.04519560584103
"3",4,1.01147869038267,1.10499942051808
"4",5,1.02928038768775,1.10476240006696
"5",6,0.996062974975325,1.03557593039282
"6",7,1.00961112420933,1.0977171794632
"7",8,1.02440796960424,1.1566103863561
"8",9,1.06218772518343,1.23158717798817
"9",10,1.0824818814365,1.32244067179182
"10",11,1.05981596573189,1.24888596222804
"11",12,1.07869815977855,1.29156764026482
"12",13,1.08209355057506,1.33679967992068
"13",14,1.10423441350387,1.37931272473047
"14",15,1.08466595092251,1.33821988815725
"15",16,1.08769349212292,1.35939976134774
"16",17,1.0663906887631,1.35564267245438
"17",18,1.00365399877014,1.22455594706077
"18",19,1.04637823303689,1.23710551647043
"19",20,1.10622224943679,1.42040270389853
