"","time","MRA","LR"
"1",2,1.03281203654744,1.05081889402466
"2",3,1.00259417939505,1.09205183665948
"3",4,1.00572091454845,1.0937014823514
"4",5,1.03149823246576,1.12438473715807
"5",6,1.04591788913879,1.21437499848931
"6",7,1.01381464131464,1.11359388656426
"7",8,1.00573290188859,1.18900109570535
"8",9,0.999980276136985,1.16526214284697
"9",10,1.03386497744165,1.16441159659585
"10",11,1.00530155702094,1.18110937476692
"11",12,1.04710872253624,1.25757480905981
"12",13,1.02462189051325,1.26785803518098
"13",14,1.0412642935248,1.21490928049023
"14",15,1.0761279122052,1.25203235731542
"15",16,1.09222091144339,1.23949963294519
"16",17,1.0577681508804,1.25005016209045
"17",18,1.06473766875069,1.28099793730362
"18",19,1.04167208668721,1.24581507786289
"19",20,1.04550417255027,1.22911653469457
