"","time","MRA","LR"
"1",2,0.969721388763321,0.981344751757285
"2",3,1.0432137569151,1.10714291488513
"3",4,1.04116098550699,1.0761399755873
"4",5,1.0423825933249,1.12708643641484
"5",6,1.03314397581609,1.16003890124391
"6",7,1.09832910914099,1.25871463461151
"7",8,1.07813016916936,1.26686296220209
"8",9,1.09636531642141,1.29052440990192
"9",10,1.06711855327157,1.29251478199077
"10",11,1.03849810857847,1.26873119856975
"11",12,1.06081161881224,1.3211137240672
"12",13,1.07805872728052,1.31583543059346
"13",14,1.03732894349559,1.27327541307588
"14",15,1.03861916817434,1.23745160226297
"15",16,1.05503719174792,1.22014814499859
"16",17,1.04536358810134,1.25770706613588
"17",18,1.05270294355056,1.21129407094042
"18",19,1.04554231201156,1.1695679408127
"19",20,1.06726742128069,1.22941606071565
