"","time","MRA","LR"
"1",2,0.975291214206175,0.960320866921328
"2",3,1.00822733940888,1.05161011246247
"3",4,1.0038285506583,1.06811459875919
"4",5,1.054982311576,1.15422978699435
"5",6,1.05974794272905,1.15075300395858
"6",7,1.03243295384894,1.16270760611836
"7",8,1.00961420942186,1.15903189072174
"8",9,1.02896713784898,1.16022418465202
"9",10,1.0172407083851,1.16053926134619
"10",11,1.03067807899735,1.18638188066292
"11",12,1.03388934440216,1.17784201238635
"12",13,1.03460517074464,1.20223446767422
"13",14,1.02757212753856,1.21236835704771
"14",15,1.01397928805859,1.21499085488238
"15",16,1.0303657213014,1.24790660828239
"16",17,1.03096268803653,1.32584276737847
"17",18,1.04269996129914,1.36633011834779
"18",19,1.04529738007306,1.42674155754566
"19",20,1.1065790458282,1.47811643068006
