"","time","MRA","LR"
"1",2,0.999012762587314,1.0385526448339
"2",3,1.00594920379871,1.00561560391149
"3",4,1.02532308134489,1.02616859388086
"4",5,1.03090234282434,1.09572956777785
"5",6,1.0258432451807,1.15951266648261
"6",7,1.02841948796141,1.12315869411006
"7",8,1.02413952221009,1.13731309825783
"8",9,1.02872188418059,1.21189768718634
"9",10,1.01975366749474,1.14131973505223
"10",11,1.03740821050955,1.12535472930943
"11",12,1.0347193431491,1.10926847876982
"12",13,1.03005719477905,1.16565793796262
"13",14,1.00277093372419,1.1013551663694
"14",15,1.02258056491271,1.15800403157539
"15",16,1.02298213132738,1.23646365349085
"16",17,1.02407861338067,1.30556608735761
"17",18,1.04106182118412,1.34129146047306
"18",19,1.02829498028875,1.28445035484268
"19",20,1.09142532864542,1.38142998615177
