"","time","MRA","LR"
"1",2,0.994784924576697,1.02168009788765
"2",3,0.991587741913783,1.04584079796087
"3",4,0.997273146678875,1.02053119788966
"4",5,0.997955973560736,1.08814919547631
"5",6,1.01372702778887,1.04001564914635
"6",7,0.99690367078094,1.02477182127408
"7",8,1.01659912571861,1.07068857692958
"8",9,1.05012219302791,1.14564192315262
"9",10,1.03704283085368,1.15783556455473
"10",11,1.08079413608695,1.13093247998486
"11",12,1.02193737617633,1.08694076504982
"12",13,1.0245760216042,1.09521652182951
"13",14,1.03864443931911,1.08906089103233
"14",15,1.021962881926,1.12404556271848
"15",16,1.0453753097311,1.13261309812874
"16",17,1.05829275151112,1.16713348348962
"17",18,1.01381941558421,1.13492223171216
"18",19,1.01992248179557,1.07599306924305
"19",20,1.04034650586588,1.16931592730822
