"","time","MRA","LR"
"1",2,1.025756569876,1.02815336123851
"2",3,1.00482153064581,1.0474726760846
"3",4,1.00453507358186,1.07379407525929
"4",5,1.00785826559209,1.10374095634277
"5",6,1.01991824519539,1.16647108602842
"6",7,1.07858245469346,1.2454009128002
"7",8,1.02688963313181,1.21844770840368
"8",9,1.05973309519029,1.31707401730749
"9",10,1.08925901397788,1.31702572196137
"10",11,1.08157060063078,1.39614033136311
"11",12,1.0097265660113,1.31499277126439
"12",13,1.0557591914063,1.34945734994492
"13",14,1.04191018312252,1.26365060386432
"14",15,1.07750333996326,1.33943482625608
"15",16,1.06889328505254,1.45532090884487
"16",17,1.09189774454841,1.40774198267534
"17",18,1.08848674089993,1.37464582045784
"18",19,1.0899735997009,1.36811747507979
"19",20,1.06987527488163,1.37621671529702
