"","time","MRA","LR"
"1",2,0.970432103342742,1.03573751600959
"2",3,0.996009850595495,1.06360894318347
"3",4,1.0351563658293,1.12383524176785
"4",5,1.03194361541302,1.13087610616483
"5",6,1.02323368410448,1.15968589706678
"6",7,1.02656127298628,1.12710560291045
"7",8,1.03014973034316,1.18322843913106
"8",9,1.06998250381601,1.27778463491362
"9",10,1.04081650007683,1.32420998239815
"10",11,1.02157729665952,1.24031841560791
"11",12,1.03320336506235,1.29334534573757
"12",13,1.03210593665137,1.24802696661508
"13",14,1.03128341986019,1.22922109291604
"14",15,1.02508173833278,1.22593157660941
"15",16,1.05217105884311,1.32626962596321
"16",17,1.04844058040572,1.29784475034396
"17",18,1.02241067305178,1.31847167331728
"18",19,1.00461580831813,1.21094191929276
"19",20,1.04953603187054,1.28894898447163
