"","time","MRA","LR"
"1",2,0.979707247131807,1.02755084719563
"2",3,1.01532596663,1.04090412332327
"3",4,1.01514509638417,1.02561613895996
"4",5,1.03969621518769,1.06624409235099
"5",6,1.05192081618486,1.1022250244848
"6",7,1.03377948749248,1.05812962181698
"7",8,1.04952449177018,1.10972722368595
"8",9,1.04528842576793,1.10301504941386
"9",10,1.04437860089487,1.10248521799327
"10",11,1.02937546753578,1.08585536513109
"11",12,1.04434785265772,1.09439028479689
"12",13,1.05746420876464,1.15883782374013
"13",14,1.03276171186986,1.17449241807309
"14",15,1.02146590653189,1.16991152726471
"15",16,1.02042572070048,1.13327494864093
"16",17,1.01983866414297,1.12682025322202
"17",18,1.01657070714498,1.14103405624706
"18",19,1.02474264491921,1.19364001603927
"19",20,1.03349104337477,1.20391664638565
