"","time","MRA","LR"
"1",2,1.00915774158714,1.0897180266117
"2",3,0.992757007285566,1.07803764030083
"3",4,0.975724818377099,1.0825072925784
"4",5,1.01634925660507,1.07823562890322
"5",6,1.00748490344676,1.08441681647878
"6",7,0.99207707140708,1.10732009357648
"7",8,1.02815764955038,1.17487001796822
"8",9,1.02609404149597,1.15082754028282
"9",10,1.06087023318063,1.19107125718877
"10",11,1.04919417588541,1.21982976585518
"11",12,1.06326938420001,1.27683329631917
"12",13,1.06880915665686,1.23782010240298
"13",14,1.07959374675545,1.32077188398242
"14",15,1.0856258219993,1.4294817631921
"15",16,1.05731859391793,1.25904285434395
"16",17,1.07943287214582,1.24971722142502
"17",18,1.07582788797037,1.31544617676599
"18",19,1.0773941235254,1.28165337349985
"19",20,1.07260461167835,1.29887896562752
