"","time","MRA","LR"
"1",2,0.969305274660203,0.982143883961014
"2",3,0.979937444801295,1.00516888925104
"3",4,1.00265535551043,0.999786257314076
"4",5,1.02778034958056,1.08085037850302
"5",6,1.0151407626641,1.11291229600942
"6",7,0.997371823588913,1.09703591457394
"7",8,0.998653870742035,1.15914633630498
"8",9,1.02042589830055,1.14118317246783
"9",10,1.01357666060522,1.14749103269961
"10",11,1.01714071112675,1.1340168785037
"11",12,1.03790544475908,1.1861667243115
"12",13,1.03060115607326,1.134259165055
"13",14,1.04854226687629,1.17285739578856
"14",15,1.02133722711101,1.16485982819516
"15",16,1.04857986403664,1.12393522320043
"16",17,1.07889995162032,1.23708844403287
"17",18,1.08422170922767,1.28376783562063
"18",19,1.09976857447204,1.23211055446301
"19",20,1.01712335080743,1.13854990943519
