"","time","MRA","LR"
"1",2,0.962649464309054,1.02634920764833
"2",3,1.00381269165314,1.01771308291735
"3",4,1.01298811693897,1.07571110293352
"4",5,1.02055359271123,1.14251679888336
"5",6,1.04221128195572,1.16018284172392
"6",7,1.03317410837146,1.14964442038532
"7",8,1.04195123911435,1.14587436297697
"8",9,1.04437063223431,1.23315526853163
"9",10,1.07738367532917,1.23259295920902
"10",11,1.04402077341413,1.19164126719498
"11",12,1.02205304400051,1.11927908837293
"12",13,0.995140963522539,1.07154598422506
"13",14,1.00928799807868,1.12294241289556
"14",15,1.05730732778004,1.13678094878026
"15",16,1.03461134734142,1.14730426982221
"16",17,1.0586998758842,1.18967154954073
"17",18,1.01254789361759,1.23240252239132
"18",19,1.04877661031885,1.31614713397898
"19",20,1.00083554739843,1.27552564374982
