"","time","MRA","LR"
"1",2,1.02507163147725,1.06442057704469
"2",3,0.975495754678033,1.02616538690518
"3",4,1.01868985486072,1.07737114678926
"4",5,0.972914632282616,1.0364789822575
"5",6,0.991017838497688,1.07852938407047
"6",7,1.00586597591404,1.0843122031353
"7",8,1.06396702307976,1.12454177975089
"8",9,1.04273391122437,1.11574790321978
"9",10,1.02783674918068,1.11800975890623
"10",11,1.04162426663602,1.16040341022329
"11",12,1.07842377328163,1.16717446844867
"12",13,1.08844779216409,1.17901848043034
"13",14,1.09097152836008,1.1738724154224
"14",15,1.09181050777409,1.18489927160298
"15",16,1.04496901107041,1.16525564521331
"16",17,1.05800955898038,1.16728560298318
"17",18,1.04458108106326,1.12390933401671
"18",19,1.03718900424555,1.10077862673507
"19",20,1.04409135776288,1.15914103272465
