"","time","MRA","LR"
"1",2,0.989277174273651,1.00819715943539
"2",3,1.0119599716118,1.03911161016128
"3",4,1.02356005737893,1.03428280829588
"4",5,0.986430467972996,1.06970602488174
"5",6,1.00463753155674,1.11871913705221
"6",7,1.03139355556008,1.0850607400625
"7",8,1.022838059733,1.11339486998784
"8",9,1.01584037776869,1.11256456478448
"9",10,1.03049009544362,1.11208030188527
"10",11,1.01721757105889,1.16732041239941
"11",12,1.03036483926143,1.17368452938113
"12",13,1.04455171216146,1.19430204763269
"13",14,1.03197737312256,1.16743290381182
"14",15,1.02747435342859,1.17243503304451
"15",16,1.07347643723316,1.2439713097393
"16",17,1.09022838432257,1.19910974433771
"17",18,1.05324206526117,1.15402767349848
"18",19,1.05713395878339,1.22153150188262
"19",20,1.03872950927361,1.14669561997184
