"","time","MRA","LR"
"1",2,0.987549547218293,1.02556596057494
"2",3,1.02450061662484,1.1064861332459
"3",4,1.05636594356332,1.16069361847276
"4",5,1.06462870208779,1.12210900270178
"5",6,1.05217829188659,1.1353849400286
"6",7,1.07159881085945,1.19024965814384
"7",8,1.05745754894052,1.11837206041063
"8",9,1.03272987752015,1.202794061716
"9",10,1.02530788293686,1.19535029347795
"10",11,1.0230723016977,1.21170965959105
"11",12,1.05204902436161,1.22459757402204
"12",13,1.05359512902522,1.25512874438619
"13",14,1.06994179466536,1.27026483547674
"14",15,1.06289160542436,1.28945809500831
"15",16,1.04815658802805,1.2766767675866
"16",17,1.06545761258533,1.19612637217912
"17",18,1.0670319150816,1.25292632265752
"18",19,1.06715863193681,1.32114901359762
"19",20,1.05735367363014,1.33274857702202
