"","time","MRA","LR"
"1",2,0.989530611283701,1.02067083846133
"2",3,0.991210474159026,1.07515510206248
"3",4,1.04962178906443,1.11271713103566
"4",5,1.03095655783123,1.1631812405055
"5",6,1.05374072137203,1.16705431999966
"6",7,1.05699051659653,1.17161333986175
"7",8,1.05328984993553,1.20438325947647
"8",9,1.03693552205912,1.17844503220839
"9",10,1.04529481396286,1.26088488371037
"10",11,1.04636990428126,1.22217594846547
"11",12,1.03224498721764,1.17302968208524
"12",13,1.05232353068494,1.19833146942764
"13",14,1.03487977756254,1.25603063521885
"14",15,1.05006194250911,1.23435744239789
"15",16,0.975174237036123,0.640735719521515
"16",17,0.973678315649127,0.542550008492102
"17",18,1.07847388030045,0.733955802694361
"18",19,1.00532969939694,0.785484246166276
"19",20,1.15553173495028,0.976076951278149
