"","time","MRA","LR"
"1",2,0.967967933081909,1.0218848004488
"2",3,1.01738215450058,1.02302466150714
"3",4,1.01268521463097,1.11642458151668
"4",5,1.03973296325272,1.17524630658327
"5",6,1.04804600219613,1.17602380697464
"6",7,1.03704331403626,1.18382647957292
"7",8,1.05368393919514,1.17077276503902
"8",9,1.0284728372296,1.23180510106334
"9",10,1.0256497226045,1.28760738195582
"10",11,1.06435477493081,1.27223335969886
"11",12,1.07899731351731,1.28927736160097
"12",13,1.10005255071527,1.33288054835076
"13",14,1.08640777413706,1.38607698279872
"14",15,1.08721525022561,1.32765899789802
"15",16,1.04101715051551,1.18713720018947
"16",17,1.04187877233379,1.22836391478304
"17",18,1.02759930727532,1.28781464465747
"18",19,1.03616757290326,1.34295250349002
"19",20,1.06223239986472,1.35086911990224
