"","time","MRA","LR"
"1",2,0.969737287956785,1.01590364878445
"2",3,0.996294984152742,1.05673609066101
"3",4,1.03074737922127,1.12315044903673
"4",5,1.04286886456593,1.11996473581639
"5",6,1.05334593895167,1.10155003796361
"6",7,1.02378917516728,1.05383030127228
"7",8,1.04673676844417,1.12666887546119
"8",9,1.01770704166407,1.1609851068497
"9",10,1.01901327443889,1.19716955991193
"10",11,1.0255697360709,1.21484033912384
"11",12,1.02655680610191,1.17248778200059
"12",13,1.03702869700276,1.19975279682827
"13",14,1.05664552550827,1.22560171933854
"14",15,1.01532935086245,1.12437527812364
"15",16,1.02606797991838,1.1304247043427
"16",17,1.04848047893743,1.17637763676818
"17",18,1.02383032694865,1.23664484020418
"18",19,1.04478225002453,1.26600362610335
"19",20,1.0756662766163,1.33295948112166
