"","time","MRA","LR"
"1",2,0.983322674435038,1.01425630270081
"2",3,1.02775258249091,1.03144441113636
"3",4,1.06111020578022,1.07889090349698
"4",5,1.04579567917309,1.11354013464757
"5",6,1.02311379097185,1.13260385834365
"6",7,1.07911004206898,1.22303706096369
"7",8,1.06438562046166,1.20924493896096
"8",9,1.03876326973273,1.23686122576883
"9",10,1.07745446447273,1.29751492852901
"10",11,1.06027854476605,1.36269333277333
"11",12,1.07277666985275,1.30637013752425
"12",13,1.04743893397258,1.24517295114855
"13",14,1.03823384191933,1.17490470526521
"14",15,1.04386734551454,1.17099066541678
"15",16,1.01195029015927,1.17837983300702
"16",17,1.03603709467501,1.20989861457113
"17",18,1.06505774019852,1.23383047039995
"18",19,1.03313621894171,1.22781584338193
"19",20,1.07929102143618,1.23028201090179
