"","time","MRA","LR"
"1",2,0.984834532303131,1.0566257139198
"2",3,1.04771285470778,1.12304490064866
"3",4,1.0079609677624,1.11480335640188
"4",5,1.00633970467034,1.14416698400495
"5",6,1.02347929557327,1.15110603897308
"6",7,1.01230680718627,1.07659288178321
"7",8,1.02592711478977,1.13221981511428
"8",9,1.03488700463172,1.12441681506516
"9",10,1.02690383906118,1.18109738472974
"10",11,1.07209442974266,1.22776137993057
"11",12,1.09016669786983,1.22818026638367
"12",13,1.09764683206732,1.22403669188814
"13",14,1.11052122979129,1.32348886321527
"14",15,1.07333077426925,1.22136587773878
"15",16,1.08079368534405,1.22949821687995
"16",17,1.06465242884482,1.19849204079184
"17",18,1.05413510432288,1.21001937076402
"18",19,1.04758805786256,1.22538393003829
"19",20,1.0341105489113,1.22913560625083
