"","time","MRA","LR"
"1",2,1.01376149066805,1.03664419081893
"2",3,0.982594339651353,1.05957717096878
"3",4,1.01152058552504,1.07246061736157
"4",5,1.01575271769785,1.1031534046411
"5",6,1.00428455869227,1.05754428991335
"6",7,1.04203666833848,1.12919698905454
"7",8,1.04333413469688,1.10064101432032
"8",9,1.0555583703643,1.06519710814633
"9",10,1.04458646866312,1.10714635343114
"10",11,1.06991675044159,1.16641033021708
"11",12,1.04075739869494,1.17056749460537
"12",13,1.02848752286831,1.22096754315786
"13",14,1.01732657033083,1.20184739412021
"14",15,1.08741504982162,1.31266306376291
"15",16,1.06459641999273,1.25124667286961
"16",17,1.05071779016989,1.28596360119568
"17",18,1.06175133502796,1.30268634730041
"18",19,1.05461440253762,1.28321055376858
"19",20,1.05738970950621,1.24539465137122
