"","time","MRA","LR"
"1",2,1.01671058073862,1.05641437743684
"2",3,1.04339255154787,1.12452380050055
"3",4,1.03105491301485,1.10545326294236
"4",5,1.0286946302161,1.08987721565577
"5",6,1.02875299438935,1.20441540036916
"6",7,1.04017017974815,1.15924315127073
"7",8,1.06974826430343,1.20894942989323
"8",9,1.06153197700323,1.24371223490183
"9",10,1.02766263619816,1.29614424969427
"10",11,1.04922932777757,1.25323368520169
"11",12,1.0623332419943,1.26003265683949
"12",13,1.06559704215137,1.17774886399626
"13",14,1.08268180135037,1.18745074299676
"14",15,1.06196013744181,1.17436826690034
"15",16,1.02771295616887,1.18162822459353
"16",17,1.05155289999171,1.26679407487235
"17",18,1.05770240360289,1.30245356923575
"18",19,1.06700181216897,1.27752296839525
"19",20,1.05301249699205,1.32685840673193
