"","time","MRA","LR"
"1",2,0.967100643511099,1.00111305186734
"2",3,1.02144335268041,1.01408640796417
"3",4,0.988946964433115,1.02337759854976
"4",5,1.03876141849956,1.06712935625704
"5",6,1.03497274579841,1.1095952293356
"6",7,1.01159670755775,1.10517667757634
"7",8,1.00251360291621,1.09779557817104
"8",9,1.01045214635768,1.09425566104604
"9",10,1.02824622731727,1.10637429566683
"10",11,1.05020087088308,1.16028493670367
"11",12,1.06806555774656,1.17509979246763
"12",13,1.04238803346013,1.19623834348164
"13",14,1.06430363816082,1.18931137242533
"14",15,1.0597339106051,1.16075014088144
"15",16,1.0736459398768,1.18848950349751
"16",17,1.04814198851271,1.21265788268126
"17",18,1.02971640563845,1.21973715420927
"18",19,1.05755040515847,1.21218897513967
"19",20,1.05996036119354,1.18311350505189
