"","time","MRA","LR"
"1",2,1.02261305023122,0.987746977288884
"2",3,0.986172012970743,1.00782840343235
"3",4,1.02679297735974,1.0167693778518
"4",5,1.01334840086202,1.09309295373324
"5",6,1.01591107365467,1.12747688365653
"6",7,1.05005759260346,1.14710200531476
"7",8,1.05181970248486,1.15582482083977
"8",9,1.01985058600115,1.10277973948595
"9",10,1.01516619378654,1.09277319383433
"10",11,1.03726944791368,1.24437137783252
"11",12,0.997711863127557,1.16151624822337
"12",13,1.02355989951068,1.20321941917926
"13",14,1.04015745287477,1.26567579431346
"14",15,1.03668526951088,1.20021830990089
"15",16,1.0295032036957,1.2063902520575
"16",17,1.02491913522385,1.09763699811907
"17",18,1.02562695668593,1.12945418863318
"18",19,1.0174582286826,1.16412796015365
"19",20,1.0231389073523,1.16680058430662
