"","time","MRA","LR"
"1",2,0.981393771193734,1.02159818493332
"2",3,1.01213082702316,1.06377114978844
"3",4,1.00056183061325,1.05724791898585
"4",5,1.01383477952288,1.09826749502399
"5",6,1.04753458753072,1.07296689048023
"6",7,1.01895401561913,1.12970235050915
"7",8,1.04744028164069,1.21909599635314
"8",9,1.08197580908549,1.30663319152703
"9",10,1.03118043044967,1.18610901264266
"10",11,1.04811502929913,1.2182051455441
"11",12,1.04074868700575,1.16302515426566
"12",13,1.05436544509224,1.25305516770665
"13",14,1.02450657194375,1.1615263310039
"14",15,1.05330504496545,1.23668261096799
"15",16,1.04178157829146,1.27446063319384
"16",17,1.07255213575667,1.2309973339837
"17",18,1.05384173329473,1.2130598713045
"18",19,1.04969678041702,1.26777473136422
"19",20,1.08059263301788,1.24469590271099
