"","time","MRA","LR"
"1",2,1.01186196496226,1.04690895505322
"2",3,1.01552975651286,1.0790680281343
"3",4,1.01035671301529,1.0936088104574
"4",5,1.02499346365286,1.08116202127327
"5",6,1.03280041060016,1.08329579813874
"6",7,1.03346234887208,1.1213548533356
"7",8,1.06655140696063,1.30922443416567
"8",9,1.05811396905423,1.23412992596754
"9",10,1.06947831838689,1.22665668181235
"10",11,1.06691092672083,1.26917486295259
"11",12,1.11217438316214,1.36553934682003
"12",13,1.10865221403864,1.33436855796646
"13",14,1.11172835528632,1.39640255997391
"14",15,1.0814920736483,1.38296021594465
"15",16,1.07241558940556,1.38782368130317
"16",17,1.0426500222163,1.28679343010691
"17",18,1.03304482205824,1.22946992124766
"18",19,1.01944814782557,1.19782859332626
"19",20,1.04487287524317,1.17002062074458
