"","time","MRA","LR"
"1",2,1.00417408303988,1.01118753422078
"2",3,1.00218033319394,1.07620128860623
"3",4,0.988960340960052,1.0129673408576
"4",5,1.02974884401143,1.08591289882226
"5",6,1.03940582686995,1.1022208061331
"6",7,1.04106714965774,1.11518743150158
"7",8,1.07367338747288,1.18533939720722
"8",9,1.04009670527854,1.21479843344705
"9",10,1.06471091987841,1.29621386660586
"10",11,1.03694170171994,1.28161810860028
"11",12,1.05629393743838,1.33889342344763
"12",13,1.05544566180672,1.28292505093605
"13",14,1.04921718508426,1.21885835426731
"14",15,1.02105629237767,1.13782083813984
"15",16,1.05793119906328,1.25538432547945
"16",17,1.04735121605263,1.25778093623857
"17",18,1.03067560471906,1.28794013863128
"18",19,1.02895057002451,1.33169371540888
"19",20,1.06287417569749,1.36401653873641
