"","time","MRA","LR"
"1",2,0.995637321970105,0.996737993120866
"2",3,1.02412070205529,1.04031736583598
"3",4,1.03534545425458,1.06326026275835
"4",5,1.02350754488175,1.09959461415679
"5",6,1.04883489163693,1.13803817624684
"6",7,1.0608699323821,1.19577320159129
"7",8,1.03347474153597,1.23536195224686
"8",9,1.03033678942437,1.18096533131346
"9",10,1.0651900138394,1.31363788004892
"10",11,1.07561277517243,1.28057641167998
"11",12,1.05331141372923,1.25511122345249
"12",13,1.04058747777492,1.26994937866504
"13",14,1.04730880599258,1.24503093298315
"14",15,1.03159859948813,1.15430323855009
"15",16,1.03316466468134,1.10163877810497
"16",17,1.03040457860035,1.14896591013112
"17",18,1.03025844912081,1.25649398540582
"18",19,1.06509921049198,1.2455914876278
"19",20,1.0760785714465,1.30957280680281
