"","time","MRA","LR"
"1",2,0.974395959162579,1.00355286065032
"2",3,1.00821294088939,1.05380014062108
"3",4,0.997572009696746,1.09304369358162
"4",5,1.02454795562851,1.17779119389941
"5",6,1.04487150559487,1.24496317184883
"6",7,1.02906300622582,1.23714802827484
"7",8,1.00725293047436,1.27367054882637
"8",9,1.00879721827257,1.26426703357511
"9",10,1.03337344898094,1.28138828159239
"10",11,1.03285646082681,1.35025925037481
"11",12,1.01259838782579,1.30254272378701
"12",13,1.00732944677868,1.25620176780733
"13",14,1.0115120343015,1.26200730076418
"14",15,1.02427206137193,1.27712402552593
"15",16,1.03189629103053,1.32704175442244
"16",17,1.06887347169796,1.37079956909549
"17",18,1.06051367268754,1.31236317043612
"18",19,1.0522896985333,1.33360584475593
"19",20,1.06518649062479,1.36284110232782
