"","time","MRA","LR"
"1",2,0.988778607060549,1.05038722706251
"2",3,1.01000959739808,1.08282927720181
"3",4,1.01319855274701,1.09472909156217
"4",5,1.02917442011272,1.09533708877136
"5",6,1.0057472800717,1.03034842264591
"6",7,1.0330005282832,1.13584029621496
"7",8,1.00416217839526,1.14394735375051
"8",9,1.04137602031569,1.21521646421467
"9",10,1.04388107531818,1.23951648764198
"10",11,1.04087990580345,1.23556822187389
"11",12,1.01865406146302,1.23745519752987
"12",13,1.0428888948759,1.3098442885989
"13",14,1.0453575092871,1.27974623475023
"14",15,1.03541543070089,1.21672226128187
"15",16,1.03030597722896,1.20878440600267
"16",17,1.02812202152758,1.21270577962692
"17",18,1.04484193598546,1.2933614552452
"18",19,1.02063859146686,1.36041539796466
"19",20,1.01723186067408,1.32407240328239
