"","time","MRA","LR"
"1",2,0.992547708421335,1.00776275203263
"2",3,1.00935932389087,1.06447118518473
"3",4,1.02295784711184,1.09194100330533
"4",5,1.01408455185327,1.12863952373387
"5",6,1.01665230415832,1.12969107872622
"6",7,1.04467783764538,1.22761274194913
"7",8,1.01422174332957,1.24016372551342
"8",9,1.04899782671002,1.19936386993622
"9",10,1.05687821562859,1.27411586027188
"10",11,1.09141789501005,1.31247718724298
"11",12,1.05233062781558,1.20604285684573
"12",13,1.06882841790382,1.26670341348243
"13",14,1.06976435351827,1.37662550039104
"14",15,1.10014137909163,1.46820778410656
"15",16,1.05988806520725,1.44239036363684
"16",17,1.05721957549822,1.43739291201329
"17",18,1.0507083252856,1.36708747219022
"18",19,1.02119552989029,1.35364762912782
"19",20,1.05280851192335,1.39876020909179
