"","time","MRA","LR"
"1",2,0.990719399508634,1.05158557367899
"2",3,1.0181799147439,1.07270970376098
"3",4,1.01359331063236,1.0595067313116
"4",5,1.01652774554627,1.04578568180131
"5",6,1.0442602166164,1.10458153452869
"6",7,1.02764821201097,1.11385755111928
"7",8,1.03312836440176,1.05241137042971
"8",9,1.07036106087821,1.18037249976855
"9",10,1.06849311318952,1.27164808160613
"10",11,1.03973324785466,1.26391964255629
"11",12,1.0668893907896,1.27300737920683
"12",13,1.04815146465493,1.27135259135728
"13",14,1.04786793795235,1.22379653959414
"14",15,1.06774300685471,1.23132889725245
"15",16,1.07432052956057,1.23840972591919
"16",17,1.06600038409979,1.25092427362246
"17",18,1.04893062478391,1.2028570591817
"18",19,1.0610755122973,1.20436749119919
"19",20,1.05145773470213,1.21729754070561
