"","time","MRA","LR"
"1",2,1.03393714572387,1.01328776143492
"2",3,0.988282229633198,1.0661268066905
"3",4,1.02125746254845,1.13924555477995
"4",5,1.01653857829958,1.16326020172619
"5",6,1.06760964032836,1.19447327061725
"6",7,1.00240309352877,1.11032887246386
"7",8,1.05338892391134,1.17322657342294
"8",9,1.05807012219234,1.13684161930249
"9",10,1.01963538529079,1.19794595940341
"10",11,0.997354768481502,1.22291510286805
"11",12,0.994466005027045,1.27847679054652
"12",13,1.00958025895677,1.27405630868004
"13",14,1.01800487645829,1.29010091264244
"14",15,1.0528695043258,1.26190355997845
"15",16,1.08968247230417,1.20327826947125
"16",17,1.06181500372919,1.15272366710905
"17",18,1.06754357189525,1.11524535689905
"18",19,1.04124893827424,1.10935299087658
"19",20,1.05836583284828,1.12688357516156
