"","time","MRA","LR"
"1",2,0.95400912801144,1.02356009103285
"2",3,1.0065894447467,1.04278545129541
"3",4,1.02472728858765,1.06604549280773
"4",5,1.01523957755313,1.07543260478668
"5",6,1.00643470878001,1.0737894991564
"6",7,1.03779824082025,1.14722031147028
"7",8,1.0397676827596,1.12516278913923
"8",9,1.04945237707938,1.13400427801591
"9",10,1.03495356041711,1.14509639898557
"10",11,1.02669953232791,1.14137164751137
"11",12,1.05549528819463,1.27122608642388
"12",13,1.05031205709423,1.26179542283315
"13",14,1.07359589399317,1.33776404461868
"14",15,1.06616205370728,1.27009874003098
"15",16,1.0464086471445,1.25513276795039
"16",17,1.01699973604486,1.20691457068672
"17",18,1.03979818034766,1.27241109929879
"18",19,1.03640040006759,1.21084396666461
"19",20,1.09326986943706,1.27021396858976
