"","time","MRA","LR"
"1",2,1.00895226312708,1.06804484483862
"2",3,1.03959951950698,1.03607495033356
"3",4,1.04934561943045,1.10471247063966
"4",5,1.05656342497901,1.10081640460533
"5",6,1.03243741814499,1.11262951524743
"6",7,1.07062383544826,1.1147183176889
"7",8,1.02413641105112,1.08418152141282
"8",9,1.03865444456457,1.15828435453602
"9",10,1.03398848131125,1.16950216746669
"10",11,1.01727840142291,1.14107127829131
"11",12,1.0462498063294,1.19918256380702
"12",13,1.02912842090951,1.24955638887653
"13",14,1.03270698018261,1.22427690351781
"14",15,1.02345031440691,1.14271231156839
"15",16,1.03317771897705,1.27926643212893
"16",17,1.02237487188535,1.25112406704733
"17",18,1.02296009710614,1.16769674111717
"18",19,1.04902008028473,1.17669124730248
"19",20,1.05865746912068,1.22389834728068
