"","time","MRA","LR"
"1",1,0,0
"2",2,130.517113357431,444.554989496195
"3",3,78.6211749826056,495.548318836544
"4",4,76.7858273356289,592.451147183923
"5",5,100.87781145471,568.611250291604
"6",6,108.897951545871,687.282839584799
"7",7,126.209066431336,730.267687140484
"8",8,132.765117358699,837.376160623382
"9",9,153.482187592387,866.495285343497
"10",10,131.805156801642,858.5898431897
"11",11,134.453149963164,1079.67260643612
"12",12,91.5762015337536,835.048365404428
"13",13,84.0183476991498,818.100718377392
"14",14,103.908983734714,844.024732509717
"15",15,112.487319314359,1014.39934794437
"16",16,108.910516279317,933.215901710706
"17",17,144.066513143715,994.974435031154
"18",18,138.477159010337,1002.03704442948
"19",19,137.823760492476,972.224588608451
"20",20,118.685595805243,981.253436954284
