"","time","MRA","LR"
"1",1,0,0
"2",2,146.259335067781,467.404517033902
"3",3,78.79496918018,472.377817312152
"4",4,92.5902489834283,488.357641146357
"5",5,123.682766743797,549.788838673745
"6",6,112.671106825176,700.094949627384
"7",7,91.3034800460485,661.979060392526
"8",8,114.132158764206,719.269511688238
"9",9,111.754457263337,643.073090748027
"10",10,109.597327143553,599.337985342676
"11",11,89.8339888124261,628.943678102584
"12",12,96.7547488094319,715.853957742098
"13",13,92.0800801231694,837.842632230443
"14",14,117.939890411517,928.862672575875
"15",15,152.714093355718,1138.35190265402
"16",16,162.679539262141,1188.45186982625
"17",17,159.75452278772,1105.03147259468
"18",18,138.206587172536,1135.80359284406
"19",19,142.986492488528,1203.91194044173
"20",20,109.244182940207,1071.85472951842
