"","time","MRA","LR"
"1",1,0,0
"2",2,112.245791797128,488.082811271101
"3",3,72.9409305439881,561.667668304672
"4",4,72.3581177789378,600.106517375298
"5",5,84.8992784913864,657.124863597862
"6",6,107.349108521599,801.183433484511
"7",7,111.130725871744,861.498283510484
"8",8,110.626790193511,917.169736949471
"9",9,99.0605897731142,820.699754074742
"10",10,138.032704270334,822.850952299386
"11",11,127.848897715478,866.858650302583
"12",12,139.015587296783,803.378439339436
"13",13,123.366853297266,885.399407874372
"14",14,138.667499611465,954.587514994905
"15",15,136.191360342836,1045.03678062371
"16",16,121.566164913823,982.960960027623
"17",17,125.884009273352,1005.43915541274
"18",18,140.794694733646,1055.66784535993
"19",19,130.1758505291,1205.4438639067
"20",20,135.13505671865,1208.24438783845
