"","time","MRA","LR"
"1",1,0,0
"2",2,135.038098359288,524.165155557468
"3",3,61.8628687376325,575.252111056426
"4",4,72.5062140320238,657.159083231632
"5",5,96.6777509992907,609.571444575661
"6",6,118.206042743558,666.164574142906
"7",7,114.827872016108,755.248604475128
"8",8,105.322241941862,755.699901909357
"9",9,104.762939170973,742.090070605956
"10",10,94.3373395608459,751.490807297502
"11",11,112.641686228765,786.32298532229
"12",12,110.327008732734,879.355261923286
"13",13,129.58078989628,840.688433460061
"14",14,123.114196796431,945.076118889059
"15",15,87.7252788595245,865.871701949129
"16",16,89.3673777533229,936.844473990309
"17",17,91.9072982933249,829.861666215398
"18",18,89.434658741308,822.631932469515
"19",19,94.2211042175293,870.694680091738
"20",20,105.084678128673,968.820048085958
