"","time","MRA","LR"
"1",1,0,0
"2",2,133.230769441275,466.645468069354
"3",3,69.2709774190772,599.895699158289
"4",4,83.280102361131,555.225293705073
"5",5,95.7872870630456,618.561806656609
"6",6,131.88770725839,681.468436659429
"7",7,119.706871223169,716.224687449829
"8",8,118.43965225616,802.691996029288
"9",9,117.110952306238,824.133994735322
"10",10,109.143354883171,902.198231768009
"11",11,114.651993050004,1027.14938290501
"12",12,108.144049633386,825.913516708641
"13",13,103.467008780002,767.181591546758
"14",14,123.713842169955,771.341352938553
"15",15,132.846322490656,863.041761849827
"16",16,113.33093231033,835.744468422805
"17",17,131.673934290858,885.279089844745
"18",18,112.319996314257,896.318574053429
"19",19,128.497216778497,969.391991372382
"20",20,114.763016981333,963.279413009557
