"","time","MRA","LR"
"1",1,0,0
"2",2,134.928896432941,473.899956233721
"3",3,99.3780477203942,493.561936627054
"4",4,104.226498682021,529.251637526156
"5",5,106.537838456819,684.060188493563
"6",6,100.098031668729,731.975232520064
"7",7,106.376172496467,667.567861302878
"8",8,115.662680436947,853.442211896731
"9",9,119.465072508811,774.736824039943
"10",10,120.510912598972,816.459083049869
"11",11,109.540526284403,778.973700518958
"12",12,101.406892785249,816.090515729681
"13",13,104.963132915426,858.750539815701
"14",14,104.202880856427,1022.12972566799
"15",15,104.552147063538,885.642683627337
"16",16,124.70921668766,919.060110980757
"17",17,115.314390343293,863.098922555425
"18",18,125.140516864729,828.285974561365
"19",19,108.07904373534,750.354725275283
"20",20,119.547695356428,740.092240896363
