"","time","MRA","LR"
"1",1,0,0
"2",2,125.16917793733,462.886923182878
"3",3,94.3449993691212,563.2864734554
"4",4,89.2363585921693,556.300205489204
"5",5,99.8783670244176,814.101791999314
"6",6,106.535876544857,917.052228785784
"7",7,94.4414336469939,893.225112021676
"8",8,109.578007642593,922.356756433271
"9",9,94.3467183233191,1066.51906787662
"10",10,77.8236335796314,1014.28494533841
"11",11,117.310328517609,1091.13194935796
"12",12,100.509434077804,971.518984881706
"13",13,105.151566234668,928.135583667911
"14",14,138.587764144709,908.574034929102
"15",15,141.301500842482,1025.74247421898
"16",16,104.080630668507,1058.49837195937
"17",17,151.545094330536,1287.64778190264
"18",18,120.211242637713,1202.59850652599
"19",19,105.201632801145,1104.79144434813
"20",20,116.81884807191,1095.04296115579
