"","time","MRA","LR"
"1",1,0,0
"2",2,125.499665633327,479.792047875147
"3",3,65.7837684329819,527.690039700301
"4",4,93.5478685671029,654.227456114358
"5",5,70.4447756422576,628.771806736033
"6",6,109.090088241645,722.025271060147
"7",7,108.383325767179,750.702812863324
"8",8,126.229453290381,784.429857179675
"9",9,147.707911924946,932.147847994265
"10",10,113.047244298005,830.461249172843
"11",11,119.438027655204,941.057320151713
"12",12,130.789483381003,1013.49147495224
"13",13,148.703245554498,1161.07349556527
"14",14,115.419300879862,1287.17785746719
"15",15,81.8423711359777,1158.79889358527
"16",16,120.545286000969,1256.69394111156
"17",17,124.437855137543,1152.41281797854
"18",18,129.537193458582,1096.61280041622
"19",19,89.9250177646751,929.46849047594
"20",20,127.319646733084,910.997355421173
