"","time","MRA","LR"
"1",1,0,0
"2",2,123.261171274095,464.446134475381
"3",3,84.415934381102,495.576728260087
"4",4,101.950154375761,625.518665761239
"5",5,100.07724003031,660.891899935574
"6",6,87.5208844265181,644.940129343894
"7",7,111.955565921905,699.50473942945
"8",8,108.60326391075,603.408612816822
"9",9,106.765675228141,628.102186196846
"10",10,108.297926988617,777.587033750084
"11",11,124.115713634548,1036.08198286196
"12",12,132.448795304929,1010.79619036711
"13",13,108.42905983196,951.210841102051
"14",14,83.518367209045,814.431306315334
"15",15,104.766995071412,815.925382526986
"16",16,133.066411986966,837.569439786665
"17",17,129.755523492362,724.644724142442
"18",18,116.092325041785,845.410289508399
"19",19,121.848107641707,926.652099920454
"20",20,107.916876401472,988.417921384057
