"","time","MRA","LR"
"1",1,0,0
"2",2,134.998627325456,448.686472863048
"3",3,89.2600546475179,520.222601846081
"4",4,92.1092571816547,485.078619369843
"5",5,87.4818315674258,506.758295499364
"6",6,88.1365476198757,556.611705279693
"7",7,69.3478029329083,648.988872168779
"8",8,104.232074627753,762.809590662138
"9",9,110.296729596651,714.278503944254
"10",10,100.440458054259,860.28534878465
"11",11,101.204108092477,884.554193737341
"12",12,128.973689263689,965.648691456761
"13",13,103.135640988533,953.63661880984
"14",14,129.315407570491,965.485311027847
"15",15,116.769749912315,783.715828235266
"16",16,89.268179324349,799.335127941903
"17",17,108.391566144783,1036.20180530083
"18",18,126.621950064102,1032.46214438055
"19",19,108.56248383418,1089.63489436664
"20",20,110.634602366723,1026.56955863406
