"","time","MRA","LR"
"1",1,0,0
"2",2,146.499755347642,489.710300217368
"3",3,83.3757119967055,696.414966983433
"4",4,88.0224777689494,830.121810532442
"5",5,102.382475024523,957.83408973338
"6",6,129.014282162207,905.011994801046
"7",7,107.416727393926,855.443349477636
"8",8,115.790543136996,836.930913368757
"9",9,101.851648017788,844.226335069746
"10",10,120.063547319325,903.681226780755
"11",11,111.526184384729,1002.2015588983
"12",12,126.153015439852,1014.26005966536
"13",13,147.238922596071,1140.89534719505
"14",14,107.142159911105,1201.04759122961
"15",15,136.322770754008,1103.94177454638
"16",16,104.710582572964,916.307961368024
"17",17,109.861093278449,999.830847039341
"18",18,115.435021705863,964.599697876713
"19",19,120.406545222178,817.985908023721
"20",20,128.683199215021,892.647407089583
