"","time","MRA","LR"
"1",1,0,0
"2",2,124.83516339366,431.400384703439
"3",3,97.9880148658436,491.695566709614
"4",4,79.4364941865524,590.067043749853
"5",5,107.63865396679,723.182854314788
"6",6,106.54607332942,833.584052831194
"7",7,89.2337876676024,731.329560497481
"8",8,95.3052308472073,828.783009832736
"9",9,108.694775265002,989.32030275498
"10",10,126.319207289412,956.723296989794
"11",11,119.28026237304,1016.0546263154
"12",12,108.348574388404,925.694311981443
"13",13,133.276520016832,1134.65528649099
"14",14,105.587666062394,1140.54818382317
"15",15,98.3442632049115,1040.69759804701
"16",16,90.9783484617011,1059.51593499723
"17",17,84.3935985799287,909.587492405755
"18",18,93.1271336912952,888.418697711264
"19",19,100.610816218666,930.547706189664
"20",20,101.028621726565,823.110739722383
