"","time","MRA","LR"
"1",1,0,0
"2",2,153.819692568413,501.647595546754
"3",3,90.401095398004,536.888799476667
"4",4,77.336403152046,515.823128734351
"5",5,113.688426013887,619.950716014831
"6",6,99.7937129057863,633.965012521439
"7",7,93.5895993487347,804.197560975421
"8",8,99.5817762025234,624.032619037622
"9",9,123.800431788687,760.287922071941
"10",10,131.638169281857,811.563478087254
"11",11,117.015140972009,687.754970234137
"12",12,114.579110210802,913.959536730694
"13",13,129.105027626114,1061.58380700937
"14",14,120.180138302613,868.240112110851
"15",15,117.580780437717,894.358094281299
"16",16,118.285556116604,920.247328305186
"17",17,78.0077576392716,830.952370879131
"18",18,96.0916415815055,911.930559371648
"19",19,87.2323419678688,924.256613932236
"20",20,102.552721094053,854.613939709927
