"","time","MRA","LR"
"1",1,0,0
"2",2,140.908421288765,455.972211715686
"3",3,70.8522867579613,470.671606239046
"4",4,82.3934736445018,708.31957895503
"5",5,76.8037877637747,682.975631288135
"6",6,112.712834446983,653.956370394293
"7",7,108.518451616097,660.706763206769
"8",8,147.080359533266,669.221750709345
"9",9,132.870228757114,678.815776958752
"10",10,141.701352777834,829.653181387423
"11",11,129.02234593802,877.20447739346
"12",12,116.868132661752,918.954834317653
"13",13,114.603279570594,956.016472579
"14",14,104.92455743819,1019.59240384303
"15",15,120.067861557327,1109.14695285908
"16",16,140.820207549651,1145.70167153914
"17",17,99.2961528812318,1179.26366704814
"18",18,116.787472538605,1126.36154992151
"19",19,134.465982665764,1065.51665442903
"20",20,97.9411019908604,976.101691376496
