"","time","MRA","LR"
"1",1,0,0
"2",2,135.727855494393,541.14430779378
"3",3,88.0325514406049,602.543217137438
"4",4,73.5714714071131,625.272232622877
"5",5,104.613187104067,586.656106113258
"6",6,96.7006600630986,723.246801251566
"7",7,110.625509101639,679.259132273037
"8",8,128.847379126328,728.4431970971
"9",9,136.661741219983,788.363557710924
"10",10,124.495674119393,771.553592720107
"11",11,112.001363244275,871.312790959148
"12",12,133.823926863432,720.785550905794
"13",13,134.524142264386,818.30755704067
"14",14,123.302582858133,780.16909175795
"15",15,94.4549581273119,704.6613422928
"16",16,96.6030695525914,740.947073679386
"17",17,90.8006395240045,753.332409286987
"18",18,118.706556964669,894.367975768843
"19",19,136.957520384637,896.414843899472
"20",20,127.397139782511,913.302686179235
