"","time","MRA","LR"
"1",1,0,0
"2",2,126.122304572637,448.480120764084
"3",3,76.6994162455524,499.07070928638
"4",4,97.1144935625304,537.067159440501
"5",5,89.3886807133347,635.638140276704
"6",6,118.868898381184,820.805078741126
"7",7,82.8923552564413,687.573340748025
"8",8,94.6491119846504,654.341112491015
"9",9,97.8941067395468,741.518199068727
"10",10,108.129723940544,853.739534856094
"11",11,124.501235830081,873.201900289662
"12",12,146.492162853356,958.17984458191
"13",13,119.866004035964,805.252128079776
"14",14,105.252749222698,742.766537694151
"15",15,101.304518974972,832.74595771619
"16",16,105.772090704594,850.720053686975
"17",17,92.8480233175669,883.052360435527
"18",18,107.278495168556,1063.85487340902
"19",19,118.514346134173,1055.82746320072
"20",20,129.223789382763,1175.82833903037
