"","time","MRA","LR"
"1",1,0,0
"2",2,158.626901986304,520.100157347617
"3",3,74.3210707057051,508.920503005591
"4",4,67.7803336955542,541.694062193867
"5",5,88.4738266064369,658.225518861381
"6",6,112.602477489926,619.751119582226
"7",7,109.153519173686,718.858384664871
"8",8,120.605171392672,766.935441524697
"9",9,108.914122766868,916.39666655611
"10",10,121.403903484392,962.032336913442
"11",11,93.4687227446954,865.798932036433
"12",12,89.1230427030115,861.083332098064
"13",13,117.751645455429,944.810515676305
"14",14,127.721301082508,998.376852600664
"15",15,130.249850204661,1028.19533306321
"16",16,132.810963722804,994.700488385767
"17",17,128.097132913761,1055.94330699861
"18",18,109.302023467925,1061.34554748277
"19",19,115.343091602141,1165.49324967619
"20",20,96.8428149609805,999.285793843015
