"","time","MRA","LR"
"1",1,0,0
"2",2,136.202900952237,477.025739356697
"3",3,84.8740806339944,440.53662295678
"4",4,58.2936549063348,514.184552185437
"5",5,89.3608086613978,740.495117584678
"6",6,76.6090268490893,762.724583743115
"7",7,66.0835784454324,793.357952413582
"8",8,86.2861923898067,706.40082144989
"9",9,96.5692533620212,715.795823035532
"10",10,116.395426736106,787.091528977128
"11",11,108.111805307941,842.4583728274
"12",12,107.757890258692,764.761942144369
"13",13,120.060993041869,752.172660982522
"14",14,141.997723229941,849.875515529911
"15",15,149.952356672462,815.03061388617
"16",16,119.284514327728,1038.13042200829
"17",17,126.142289595245,974.354997614962
"18",18,124.713831772548,1092.97861472563
"19",19,107.838668885698,989.36201219362
"20",20,102.754195618403,847.523133743006
