"","time","MRA","LR"
"1",1,0,0
"2",2,130.290556020938,448.111690253949
"3",3,90.7397160058047,571.435189064678
"4",4,80.2484285378522,630.556653906257
"5",5,106.907162144519,673.313962131907
"6",6,108.79175834403,783.847129859773
"7",7,126.595510479091,814.185868949273
"8",8,115.857879025037,840.586684135003
"9",9,117.811470983526,955.78295367564
"10",10,115.1344285153,933.687442181446
"11",11,86.2901796484089,863.251837964336
"12",12,79.5776740252335,847.395645061897
"13",13,101.002971388002,804.459228127843
"14",14,115.323977196132,825.411103805349
"15",15,79.772574354371,817.292680778681
"16",16,91.8346348747904,863.292784824111
"17",17,93.306695293572,916.012637185164
"18",18,128.268195687339,885.494360875369
"19",19,149.364367355283,825.565105368016
"20",20,126.172420781385,822.311444134934
