"","time","MRA","LR"
"1",1,0,0
"2",2,132.705045724721,535.106117890504
"3",3,68.4047245604037,494.010229871068
"4",4,77.9715826065642,580.460631352621
"5",5,80.9826953983425,641.916500040583
"6",6,93.4737565511417,690.965800849876
"7",7,96.7700251362073,771.20896829315
"8",8,112.688177856892,831.079835935073
"9",9,101.578751835547,851.972516522041
"10",10,119.968520109786,863.384365607197
"11",11,116.544734893342,871.454051440587
"12",12,124.36708292372,886.440951562994
"13",13,126.395797139678,833.748278695745
"14",14,130.562093282089,887.75766214179
"15",15,122.877505156257,741.062934515268
"16",16,131.439127171186,659.764475697499
"17",17,155.081661298729,744.488745724255
"18",18,112.776379355003,732.218883656158
"19",19,101.985354578642,768.514586593394
"20",20,95.7764199569849,821.792116803959
