"","time","MRA","LR"
"1",1,0,0
"2",2,133.771746595971,541.979918624243
"3",3,56.22457389244,533.101642492223
"4",4,77.3943516802191,726.181447278792
"5",5,120.490593839783,842.059338943042
"6",6,91.2749049869036,738.750497969364
"7",7,104.394248677801,717.813485267787
"8",8,104.747687969517,822.744356243381
"9",9,121.609119249409,752.035300786839
"10",10,128.99107388261,806.577126539885
"11",11,126.813386331357,905.492939084425
"12",12,132.229950242847,886.118562963753
"13",13,128.800974607613,805.242705485867
"14",14,134.040228933071,805.326131266973
"15",15,133.131248849096,830.609445568143
"16",16,138.564786696156,917.446663039933
"17",17,146.904602917973,958.854584503877
"18",18,122.294419572267,895.856636495869
"19",19,117.40203725693,791.327819174057
"20",20,115.467899298225,769.323507427611
