"","time","MRA","LR"
"1",1,0,0
"2",2,139.912284083659,458.877511613464
"3",3,78.4425621178679,535.041376159584
"4",4,80.4757412046366,561.914480992786
"5",5,85.2569088150881,650.395838025957
"6",6,100.127049158867,664.722346847909
"7",7,83.3215829681359,598.291610912246
"8",8,85.3697499752851,629.730261675235
"9",9,109.957411041568,669.866169359756
"10",10,121.742439897804,805.158798557811
"11",11,140.567964616925,717.400576575089
"12",12,121.26203480506,850.019163780094
"13",13,145.255060829686,958.347802365739
"14",14,124.955308674976,1025.07757516931
"15",15,118.164074575863,987.349803358446
"16",16,121.912816467431,871.07984614733
"17",17,99.2030055055723,922.094106863007
"18",18,111.448130456376,1007.1217006711
"19",19,112.417342561906,1020.76361249639
"20",20,97.9413371924786,743.806789921934
