"","time","MRA","LR"
"1",1,0,0
"2",2,127.175818389084,464.298884344302
"3",3,103.785388383545,606.292960519922
"4",4,98.2877765310749,688.829251904289
"5",5,107.241149912665,707.818020972236
"6",6,99.8237637682869,852.424919846498
"7",7,121.890984373023,835.552711630328
"8",8,107.794611619019,965.635986715764
"9",9,114.560707264761,957.968075556701
"10",10,109.09026201112,890.606157567623
"11",11,122.028803081979,1004.94728803328
"12",12,140.300517540136,921.429318849015
"13",13,139.066059208985,830.820576286165
"14",14,141.006797576219,819.553370972717
"15",15,120.643398111255,807.697322131556
"16",16,122.96333706703,851.401310836468
"17",17,121.203836330112,891.451864037006
"18",18,133.082190943099,983.579407548753
"19",19,93.6463209872228,944.507880417645
"20",20,115.912088656563,912.181916949316
