"","time","MRA","LR"
"1",1,0,0
"2",2,118.356475944494,431.487314014393
"3",3,81.5002828793871,520.653708995235
"4",4,77.9169515723798,526.821724282285
"5",5,93.2619699468964,537.253118965583
"6",6,117.31382203445,727.455962408828
"7",7,80.3824942974102,694.188225427988
"8",8,84.8144731996925,764.550431331774
"9",9,79.2909349462768,768.250585422423
"10",10,91.9070642398251,900.440234966306
"11",11,119.191942248423,911.030433987844
"12",12,133.325439115569,823.992198699734
"13",13,115.353131513625,901.947870169665
"14",14,133.253007670704,933.840806830636
"15",15,118.765226190227,1047.00096304006
"16",16,109.95113168523,986.409562939411
"17",17,130.321782531608,980.378327286871
"18",18,127.291487307958,930.850886737451
"19",19,109.802468330755,853.932623363887
"20",20,106.62572186924,887.380095099517
