"","time","MRA","LR"
"1",1,0,0
"2",2,146.4643910055,537.280560165976
"3",3,89.8571943735142,622.813792634773
"4",4,87.3668029930421,679.12395795806
"5",5,90.6606412126445,646.77024971909
"6",6,78.1361661120479,739.590816835446
"7",7,87.0095422493572,779.963965536809
"8",8,107.875162136907,824.335595910616
"9",9,116.751355905358,801.692740678873
"10",10,108.970648923326,817.175229013495
"11",11,110.092276160814,748.757119739807
"12",12,107.51480452145,776.031930798502
"13",13,110.228446951298,787.193228876613
"14",14,97.7897774085305,721.674492454878
"15",15,113.473252811067,848.863517977995
"16",16,118.014515043657,840.003513949929
"17",17,117.41261865155,991.979035184326
"18",18,120.531748985604,1026.01387395187
"19",19,132.207173575297,968.023900191016
"20",20,120.622086776795,937.631408414898
