"","time","MRA","LR"
"1",1,0,0
"2",2,129.911477874725,462.403543219736
"3",3,59.526102645102,469.581331741893
"4",4,87.3043849175471,506.466156955242
"5",5,78.0531544341789,544.950696297694
"6",6,92.9136586934206,672.162372606631
"7",7,93.8906003110018,721.342444294536
"8",8,91.3398243762015,717.027694329719
"9",9,87.8880260106264,744.964919271776
"10",10,85.8990419303165,696.720235279567
"11",11,100.962396023304,864.210835205593
"12",12,112.539885377278,785.24717725432
"13",13,117.871506256865,758.603625691732
"14",14,124.563715250277,828.100534290659
"15",15,114.323661972432,816.575065883757
"16",16,129.94952038905,714.402144058977
"17",17,133.558077352247,798.159049086166
"18",18,113.63460739035,735.679915345134
"19",19,114.888796147568,722.511047864008
"20",20,128.587874564864,678.899854002533
