"","time","MRA","LR"
"1",1,0,0
"2",2,149.976718374022,520.439613509066
"3",3,97.9152244396093,550.376603305063
"4",4,91.5806595689261,504.215237384223
"5",5,102.178415698094,611.851978711685
"6",6,120.439240035214,666.475476461824
"7",7,100.834258593406,732.112719115604
"8",8,108.378105427581,652.811953753164
"9",9,112.170558920423,693.145120170678
"10",10,112.200411316567,925.65079756068
"11",11,117.247331861292,892.969827519497
"12",12,115.35759612147,924.803746955493
"13",13,111.791592704941,881.54515227475
"14",14,111.129552150682,830.042708091446
"15",15,114.596561564776,1002.68140542842
"16",16,101.638408923387,901.537387798782
"17",17,130.94501754311,935.664748181809
"18",18,131.761038708983,1020.57104065758
"19",19,133.223164260363,1109.06175537497
"20",20,141.265497290344,980.700448755195
