"","time","MRA","LR"
"1",1,0,0
"2",2,115.813305954121,465.257265349002
"3",3,71.2159277441077,586.301782498356
"4",4,79.9287535362239,677.043725336153
"5",5,84.2818145520025,686.193217689708
"6",6,83.0719671088307,762.861766988842
"7",7,89.1178739515602,1062.43196827649
"8",8,106.550010051718,1131.56257709615
"9",9,114.690214483532,1090.89742842534
"10",10,125.42722392394,1067.81741570774
"11",11,155.968450321081,1123.6548000128
"12",12,133.31205982956,989.724406694432
"13",13,113.046561544373,944.951108886439
"14",14,97.1956334098608,872.949225509069
"15",15,136.52439026434,1021.8865294136
"16",16,127.466953253658,883.758532264042
"17",17,115.31247981822,997.39563925978
"18",18,115.936872661739,1120.45085676151
"19",19,112.447965109374,1148.40115731763
"20",20,101.884473140993,1009.54044550257
