"","time","MRA","LR"
"1",1,0,0
"2",2,139.880219002352,499.913701851999
"3",3,70.6923487047112,537.976366231744
"4",4,83.1351505295362,559.554367706258
"5",5,76.5104269754522,649.458026129428
"6",6,90.3908179923312,703.08698481668
"7",7,108.164302127149,670.671595607673
"8",8,70.3989643675537,659.952121270422
"9",9,72.6486657422564,667.371055439298
"10",10,103.163327948212,781.43493433205
"11",11,134.25234138214,775.354495748922
"12",12,111.877864052154,827.566707292933
"13",13,131.221664519229,933.854040672773
"14",14,135.254970399246,1007.64591747597
"15",15,102.119886803622,921.82236580941
"16",16,88.2021326054445,865.426056575934
"17",17,73.5171746099446,848.282294251361
"18",18,77.7259632418304,864.450161795775
"19",19,76.2046990894279,1064.11519771959
"20",20,81.6309077476647,1082.21494594622
