"","time","MRA","LR"
"1",1,0,0
"2",2,133.037862044807,461.674034378888
"3",3,101.91040807352,447.474570576189
"4",4,103.306812612836,615.437124231512
"5",5,101.982658444839,827.467130703061
"6",6,94.9339401207072,762.983784161944
"7",7,98.6110993247189,758.951673969794
"8",8,105.779450122281,927.817398737071
"9",9,96.8259599604963,879.084603162298
"10",10,121.341304413231,855.611375203496
"11",11,107.091881021162,795.100697347346
"12",12,130.894268932144,903.304509972309
"13",13,129.518760645533,1175.08230839561
"14",14,118.906057489383,1108.35030672649
"15",15,99.2823721728016,910.498410249788
"16",16,92.8997328912124,1076.84543433864
"17",17,103.497136699244,1069.4517800133
"18",18,106.703042860247,1071.01671396816
"19",19,82.5484816524804,913.279421759833
"20",20,98.7762587516537,898.260476757461
