"","time","MRA","LR"
"1",1,0,0
"2",2,146.090830261056,451.484386580688
"3",3,73.0025899508422,532.122212931842
"4",4,90.8488799621299,633.610244404204
"5",5,82.416772348265,687.924066675899
"6",6,85.4870480574722,816.879706776812
"7",7,88.4180816702033,758.833775290504
"8",8,77.0403309122684,892.348254031152
"9",9,100.874828716194,840.516752521521
"10",10,111.936967407074,866.765049030502
"11",11,117.332483769461,952.876809960562
"12",12,101.092662840874,1093.35987613636
"13",13,131.280375539163,1090.87315905006
"14",14,116.974995952009,975.992030645534
"15",15,104.276015823277,950.044798815457
"16",16,92.8425559896699,839.065034033398
"17",17,92.7712949745325,811.146347430793
"18",18,120.281971901534,866.716687689453
"19",19,116.921708891849,960.057861221728
"20",20,120.93570138886,1017.9911374965
