"","time","MRA","LR"
"1",1,0,0
"2",2,136.005471010651,508.311252339422
"3",3,79.2609167814476,544.984467148256
"4",4,97.3850291932787,571.684309386339
"5",5,84.7212029083125,655.021709221078
"6",6,100.119025567542,755.220867554214
"7",7,123.835492713805,924.659852363998
"8",8,133.452989721537,778.090003127483
"9",9,135.220730916714,800.413978562341
"10",10,130.858846990228,841.517462085032
"11",11,120.187490352591,876.771138866632
"12",12,131.951128040997,870.134101547536
"13",13,124.197420341931,820.91389534038
"14",14,114.750434299374,785.930912305043
"15",15,99.8652864697889,837.434717948442
"16",16,78.2551087001885,772.714863812787
"17",17,97.1124937368492,849.288696517858
"18",18,111.219545324353,921.410057063472
"19",19,104.889336204355,962.337366774111
"20",20,93.0811290936409,907.176428471894
