"","time","MRA","LR"
"1",1,0,0
"2",2,132.600523581385,448.952044842617
"3",3,77.2502883395675,517.555317909997
"4",4,90.6413225970939,598.525733369447
"5",5,94.6310736451888,684.120977400574
"6",6,111.233728915407,762.443941430265
"7",7,107.334761645284,801.024943445442
"8",8,108.128283541249,870.189891689963
"9",9,120.023435409641,963.83482820827
"10",10,117.309222790028,991.812593544582
"11",11,108.715703789616,969.668769852669
"12",12,124.350032914783,794.997756044764
"13",13,131.679542594941,850.977424442266
"14",14,125.280289746585,896.983426017884
"15",15,94.1435651868622,749.902765249796
"16",16,122.509469578243,816.036020152973
"17",17,127.754153710485,815.832708429633
"18",18,119.432788536836,949.970087517856
"19",19,104.550163069662,949.064411138755
"20",20,103.751432489402,878.991862545209
