"","time","MRA","LR"
"1",1,0,0
"2",2,122.766478452206,474.945322046604
"3",3,75.1713819680822,584.077389479379
"4",4,93.6687323215064,752.762675122154
"5",5,80.7699490885282,806.912365985798
"6",6,115.016512731386,909.941793400361
"7",7,120.352413967196,890.448739774368
"8",8,147.688768279726,958.957727525955
"9",9,135.229836914646,901.118913995803
"10",10,138.538007861848,1045.61636624464
"11",11,87.7266334294939,1003.05240000576
"12",12,92.42026519836,972.023429113725
"13",13,126.669022402844,1001.81625152321
"14",14,110.764673031085,917.925337197712
"15",15,134.450715908545,856.952551962714
"16",16,126.481223786393,734.667314085914
"17",17,103.804466002004,869.355799012785
"18",18,108.657136280249,904.878545809853
"19",19,122.583721085764,988.248772929895
"20",20,126.763724962591,989.468086283475
