"","time","MRA","LR"
"1",1,0,0
"2",2,147.887333368165,491.459252058955
"3",3,84.3482369370786,536.293852053604
"4",4,69.9201489080264,569.725695711627
"5",5,91.5157844338426,728.041770615807
"6",6,95.5249778069359,859.152808291579
"7",7,95.4323266137318,714.154594647584
"8",8,98.7476424031623,788.842254056938
"9",9,106.673046554696,813.265965713475
"10",10,105.346159541231,776.668062961934
"11",11,102.065616423532,833.941970566671
"12",12,106.309136326764,849.551215222557
"13",13,123.841747222228,792.154404053263
"14",14,129.988703746861,736.443287386797
"15",15,131.081497971828,819.812832331566
"16",16,143.530615367208,863.536867470499
"17",17,143.424757447254,892.336732515794
"18",18,110.463814126245,880.691139198961
"19",19,98.3505253431695,814.282508307105
"20",20,90.2895848459618,778.145883484699
