"","time","MRA","LR"
"1",1,0,0
"2",2,153.468229171809,516.120725517561
"3",3,98.8494892850332,540.877700840839
"4",4,100.33826678144,619.98530516993
"5",5,96.0397606798297,724.053436678894
"6",6,104.621831404899,695.522047897932
"7",7,86.1579639678648,758.708643747028
"8",8,100.925957590455,812.786695476119
"9",9,103.87366911988,908.379275511643
"10",10,120.893399138018,939.669212417778
"11",11,112.774666649643,1082.56604722659
"12",12,123.762866920455,963.162365087465
"13",13,126.954045800583,850.127928223797
"14",14,117.071813511081,826.383491833055
"15",15,105.358028095984,944.633186899641
"16",16,102.842002073306,878.412739748009
"17",17,127.725602113722,831.717979088904
"18",18,121.59266936774,917.613815802975
"19",19,113.883005272484,933.792185677383
"20",20,109.248649703196,777.993104448958
