"","time","MRA","LR"
"1",1,0,0
"2",2,115.328566100529,469.423989541909
"3",3,87.1618259735041,567.056281634475
"4",4,64.6968365479211,666.275286615043
"5",5,82.7471137346794,683.856332904222
"6",6,80.5247247163151,761.274631074691
"7",7,101.221733667813,602.485411580051
"8",8,124.052548286416,743.47282416809
"9",9,113.327216813038,829.80003415953
"10",10,104.988193252165,907.400535918773
"11",11,111.883329484951,847.664611897796
"12",12,103.776002792934,813.437614082599
"13",13,120.158986071925,988.4681869909
"14",14,101.642895740011,991.543505051879
"15",15,97.6900461362434,1126.38819677557
"16",16,112.304334007753,1080.15453677707
"17",17,115.04469064057,1224.22306236756
"18",18,114.514626911554,1174.49516212514
"19",19,117.636069117424,994.686695436821
"20",20,99.1250453206244,902.781260152437
