"","time","MRA","LR"
"1",1,0,0
"2",2,137.891165768711,455.844375208835
"3",3,59.9175652789695,561.526453404404
"4",4,88.7388355650866,704.829529385339
"5",5,116.884111448416,826.901076236478
"6",6,130.569583580679,772.282875242489
"7",7,110.381491398933,844.395922678291
"8",8,119.476329929598,848.891084318989
"9",9,125.952149198766,725.18302025013
"10",10,138.85108273688,832.404516864284
"11",11,128.288280872469,826.691824408538
"12",12,128.025989821508,907.397482629196
"13",13,122.64036599857,970.3360947325
"14",14,128.781692864361,978.336914000985
"15",15,135.091779615133,977.49315439789
"16",16,131.38128218315,879.242282172456
"17",17,116.643565554137,896.005329210623
"18",18,100.830034816016,767.935607175853
"19",19,97.8064625474374,792.432800902467
"20",20,77.4049532732211,934.740866945256
