"","time","MRA","LR"
"1",1,0,0
"2",2,128.051289623679,443.158616567413
"3",3,93.7531426337541,584.194012932351
"4",4,86.4956620971576,666.631851924454
"5",5,76.3998471553309,533.029540530567
"6",6,87.0499930044158,503.271022945181
"7",7,103.334780074693,600.309810215024
"8",8,92.4199514609571,629.59668696866
"9",9,96.9367469495303,610.949959431625
"10",10,107.368534314431,846.774482114557
"11",11,116.275437896572,828.399951882283
"12",12,103.65995662227,841.170770534848
"13",13,102.781061829793,797.764452770178
"14",14,102.64795193478,833.978826742453
"15",15,131.142500781211,812.063863754506
"16",16,109.49421431048,905.15828341977
"17",17,107.121714139794,1102.74560897914
"18",18,101.971843885595,780.014814830469
"19",19,100.115863233261,902.747764513576
"20",20,79.901254642844,895.722769766995
