"","time","MRA","LR"
"1",1,0,0
"2",2,133.785956270092,473.670808940596
"3",3,70.1150926303674,547.77277029083
"4",4,67.1003051988583,646.739095128079
"5",5,110.835661270528,730.162959948739
"6",6,139.23606402846,880.901704911473
"7",7,124.889633688592,931.921990172114
"8",8,128.55010688656,861.71273552076
"9",9,115.720708414057,737.605052366195
"10",10,122.513875174234,804.7662945761
"11",11,136.901758130215,833.643366928736
"12",12,134.077121948542,919.58287426479
"13",13,133.699328394844,1038.05866483365
"14",14,93.26221816918,935.305890424857
"15",15,105.648157160398,958.750245066891
"16",16,114.174064901364,1102.16133007062
"17",17,122.790004779169,1041.42692209411
"18",18,96.8752463691884,913.496690838536
"19",19,75.0378990011113,885.869699147071
"20",20,83.9783527876491,1015.5049443783
