"","time","MRA","LR"
"1",1,0,0
"2",2,125.622937669579,476.221360150429
"3",3,98.185622669833,460.382915113385
"4",4,82.2218089145942,538.919794454845
"5",5,98.159474977008,791.395153660401
"6",6,107.449398385526,790.738136988052
"7",7,87.6188296175593,613.00767681768
"8",8,93.0514463837859,720.886794573874
"9",9,101.91764241393,732.180282902461
"10",10,101.360630203799,739.004521837452
"11",11,102.352282600926,787.662193580588
"12",12,102.174312745508,814.635724895251
"13",13,113.764997926702,759.185867140068
"14",14,140.227897989071,882.485667761384
"15",15,87.3124680667722,940.311289791667
"16",16,92.2383919436087,930.24496473763
"17",17,85.4202985750604,763.084582255257
"18",18,85.433016044598,818.571092332021
"19",19,85.0146636248979,803.359841423605
"20",20,108.45449080699,873.381617321162
