"","time","MRA","LR"
"1",1,0,0
"2",2,126.698624653723,471.577195673886
"3",3,86.8233931649432,565.484840592047
"4",4,96.5483092231844,649.133171663047
"5",5,103.93688780638,729.047437688502
"6",6,87.8910705973822,725.964812795042
"7",7,95.4274727190387,817.280643642044
"8",8,85.6995682154663,828.611951757458
"9",9,82.4450901976548,804.875853995719
"10",10,98.8473224944422,831.243829402569
"11",11,94.8620206650774,786.611601077501
"12",12,99.9143921470057,762.771249672457
"13",13,76.699113952511,817.690606347589
"14",14,117.448386785018,893.098798132134
"15",15,138.304225086333,1004.08810549105
"16",16,127.070942235276,1105.58232507876
"17",17,133.487511291629,1044.64217064001
"18",18,146.0208634329,1032.54205956811
"19",19,136.508261210551,1129.49743008096
"20",20,113.23879710958,975.856655639108
