"","time","MRA","LR"
"1",1,0,0
"2",2,139.061189326802,452.165170856528
"3",3,73.6949216750677,457.700272811193
"4",4,76.0987237558249,612.234695001213
"5",5,77.7556386008883,686.355390641258
"6",6,89.0871409837803,669.45997796695
"7",7,95.6287493946614,808.533005381937
"8",8,113.996236483054,810.235304092686
"9",9,131.778180049356,922.92412922863
"10",10,133.934926859568,884.712337440098
"11",11,143.999032749525,920.869384038864
"12",12,108.337362136031,793.883800502095
"13",13,112.709408459567,772.860761300792
"14",14,113.66500140059,739.08769696646
"15",15,125.024894644849,822.043502637849
"16",16,115.275658359035,806.169644860598
"17",17,102.308201652488,708.853664442002
"18",18,114.991638331044,786.99454125994
"19",19,129.837435860428,831.227271628033
"20",20,132.77627676968,771.732924042119
