"","time","MRA","LR"
"1",1,0,0
"2",2,143.245696410006,517.051403547794
"3",3,96.5981341980894,580.086230932073
"4",4,66.6401471618765,582.039354983209
"5",5,107.493990783627,582.760071410288
"6",6,101.286446283856,610.236657543832
"7",7,107.466115699118,618.50899571394
"8",8,106.802440397534,695.845791196771
"9",9,100.628535410083,711.107669039465
"10",10,77.532252200185,684.231935373231
"11",11,94.2111099759611,638.956632276212
"12",12,113.065957167491,705.555447046188
"13",13,127.535815206548,806.213633806758
"14",14,105.410155373938,861.537622144686
"15",15,97.8422580044426,829.1780504371
"16",16,115.548795457075,916.159119449823
"17",17,96.9919354998851,859.023805504575
"18",18,96.0013431977136,847.538479423826
"19",19,103.380382576771,757.274632237156
"20",20,121.370121163862,907.635348866613
