"","time","MRA","LR"
"1",1,0,0
"2",2,130.004709390403,458.302011211955
"3",3,62.029387512508,456.615245293958
"4",4,75.3043527006564,542.046102285163
"5",5,108.784551579186,716.32119242851
"6",6,79.0948208261032,670.477384975547
"7",7,92.2042027898107,723.045766678391
"8",8,96.300615992129,824.710928385827
"9",9,89.2125477944207,652.933625000471
"10",10,135.767483687144,849.107629173467
"11",11,129.861465887037,880.826679603449
"12",12,117.037059510592,949.70100458902
"13",13,133.907519066465,1022.70158221407
"14",14,131.263072966805,921.157957534374
"15",15,120.210064985117,898.648820194278
"16",16,122.843266878134,927.236476675231
"17",17,115.528176040871,888.148208159379
"18",18,126.069296526623,1096.77934133352
"19",19,149.932069833173,1198.80314010734
"20",20,131.540957303382,1197.72344698292
