"","time","MRA","LR"
"1",1,0,0
"2",2,127.537484758254,421.059394776136
"3",3,73.7026388763902,487.096374579844
"4",4,67.2928505125702,608.970852432936
"5",5,65.2398642144346,621.854241879251
"6",6,81.1318482686937,670.299587203255
"7",7,91.5900860580731,758.653746083149
"8",8,95.7605114518595,853.825829058329
"9",9,118.612506880436,978.600603409841
"10",10,125.130525467098,948.732414333085
"11",11,120.594268709368,1124.61584866594
"12",12,117.487740681782,941.288277035948
"13",13,144.729037756871,904.525326584696
"14",14,155.080671362436,1083.92715735498
"15",15,128.557155606945,1000.92547577283
"16",16,109.784209117329,902.688744496167
"17",17,123.958564658127,829.980682600831
"18",18,125.577066648819,836.796049143416
"19",19,108.731145462104,863.247750363959
"20",20,107.822951190143,853.149160482243
