"","time","MRA","LR"
"1",1,0,0
"2",2,142.623324803988,531.647174688902
"3",3,60.1587428901114,465.527241097444
"4",4,62.2873814616029,542.400003073926
"5",5,101.941613253765,616.72344337303
"6",6,113.245644087995,796.495553814615
"7",7,110.588510696004,982.385748709422
"8",8,98.0628303159259,1098.06900265621
"9",9,89.0803192136525,1095.49723971454
"10",10,97.3190299792236,996.471085209049
"11",11,132.396489950567,997.246291063849
"12",12,130.807927540574,1026.7630444372
"13",13,128.35020504552,998.573828378667
"14",14,137.916037535551,906.510228128142
"15",15,134.270383797002,988.555864727471
"16",16,123.992361347497,939.681455415003
"17",17,132.867677500665,859.161891795001
"18",18,122.183350082753,831.075208281218
"19",19,132.417046078479,996.129844390208
"20",20,108.666396281261,1042.61563520797
