"","time","MRA","LR"
"1",1,0,0
"2",2,133.917548895035,478.178958945019
"3",3,74.9483300719215,456.811470386659
"4",4,83.7995089316095,562.346259213846
"5",5,96.0382774662311,611.827526265082
"6",6,97.3766876025788,691.775470794116
"7",7,96.0507116614809,731.080584824165
"8",8,99.917224973625,783.677986035045
"9",9,108.464791616742,809.872092055288
"10",10,82.6581078023515,797.85038620853
"11",11,108.478339546441,1021.41893813153
"12",12,108.024887793268,1047.36323492409
"13",13,82.2191042245881,1079.07891597167
"14",14,112.98960759227,994.472031243879
"15",15,127.694516900877,1117.35970182816
"16",16,116.476957042064,997.303749423739
"17",17,105.091195049595,1037.96159742221
"18",18,74.5450384199585,1040.92385311054
"19",19,86.6734128866381,977.49197705221
"20",20,120.096022581779,1025.06974709419
