"","time","MRA","LR"
"1",2,0.977322280789267,0.998519266483882
"2",3,1.03297591881053,1.08588298888483
"3",4,1.01347405205614,1.10022973742748
"4",5,1.02050112327501,1.14190221482067
"5",6,1.02848382252018,1.15550307207257
"6",7,1.05563182765765,1.24265026344866
"7",8,1.06245250949657,1.20004647702118
"8",9,1.07227339931452,1.21490046424691
"9",10,1.04643307132432,1.28168106731396
"10",11,1.02338871975057,1.30620637190458
"11",12,1.0260563376708,1.32429828834666
"12",13,1.02159904325359,1.21172242559966
"13",14,1.01013887375715,1.19695739886162
"14",15,1.01634587594582,1.25211692321917
"15",16,1.04806988815654,1.28425117192023
"16",17,1.04902327992192,1.28659734397603
"17",18,1.06483266659425,1.23769564812601
"18",19,1.08348369796162,1.34918524070342
"19",20,0.993642706728624,1.1627691284105
