"","time","MRA","LR"
"1",2,0.999629098728787,0.993828385380351
"2",3,1.07896582664588,1.1543038730809
"3",4,0.994126777287627,1.01334121141212
"4",5,1.02392319491268,1.08932961333807
"5",6,1.0204730505105,1.13295773596139
"6",7,1.01801416953263,1.22625945083139
"7",8,1.04382797239376,1.23271208783897
"8",9,1.02441726520605,1.20472868267634
"9",10,1.05376344874095,1.27813903434372
"10",11,1.05269914630812,1.41722649337324
"11",12,1.05023772665174,1.37625331905703
"12",13,1.03305827024045,1.27662551394314
"13",14,1.03735362478822,1.17733038741957
"14",15,1.05261693382876,1.19803624615477
"15",16,1.06208393426872,1.21593414188832
"16",17,1.10592968350449,1.31901962141212
"17",18,1.02968974966508,1.32751116121339
"18",19,1.0557966421802,1.38232163986031
"19",20,1.01801482438686,1.31863182074714
