"","time","MRA","LR"
"1",2,1.00936306804308,0.996157778195695
"2",3,1.03228748488747,1.05537039277082
"3",4,1.03667045786659,1.08545502656961
"4",5,1.06327909426931,1.16991566840344
"5",6,1.01405415860592,1.1074324134824
"6",7,1.02399183187949,1.15369222654219
"7",8,1.05918708660494,1.25803103789111
"8",9,1.05964194976424,1.19023381748631
"9",10,1.03659945027555,1.2220875312156
"10",11,1.0660058936272,1.22231685081535
"11",12,1.03755909915175,1.18289289889613
"12",13,1.04721724177415,1.28187343392447
"13",14,1.04942244290353,1.38572764629531
"14",15,1.06751155838277,1.37765340510869
"15",16,1.07903094230809,1.32073936990291
"16",17,1.05069468504867,1.19063474090036
"17",18,1.07205327663669,1.3158818888556
"18",19,1.05628806136631,1.17050167871023
"19",20,1.0197198112483,1.21327448767795
