"","time","MRA","LR"
"1",2,0.952975913234751,0.985664929082547
"2",3,0.974277835230487,1.12967005348851
"3",4,1.00019384372659,1.03396227374927
"4",5,0.987639485523427,1.10295114136782
"5",6,1.02362312131874,1.16729941515407
"6",7,0.993573202685857,1.19936026404987
"7",8,1.00953470655518,1.24782629861972
"8",9,1.04793071226886,1.2097551302397
"9",10,1.00760546137989,1.18224008957873
"10",11,1.02318957199093,1.23365560454727
"11",12,1.01631942698896,1.23110561413263
"12",13,1.02758571521186,1.26963599824896
"13",14,1.0473000122964,1.25655573001356
"14",15,1.04361478860498,1.24161545257971
"15",16,1.02410691390106,1.26248021797699
"16",17,1.02448573581591,1.24484357285852
"17",18,1.04410431479532,1.31458058172243
"18",19,1.06041620299873,1.31056690076748
"19",20,1.09087659608312,1.340371650135
