"","time","MRA","LR"
"1",2,1.05704007512981,1.06203525347509
"2",3,1.01897151166944,1.099756605095
"3",4,1.05085704658139,1.1346367989704
"4",5,1.01319099412303,1.10470327125941
"5",6,1.02355561305069,1.16816108748157
"6",7,0.975144612179216,1.06857397829865
"7",8,1.02791933502451,1.22354915879683
"8",9,0.999492963377395,1.08131877841241
"9",10,1.01956794759136,1.16175685665799
"10",11,1.00904457081616,1.19922386216945
"11",12,0.988863328109442,1.10820207252685
"12",13,1.00783861684764,1.15490973221918
"13",14,1.06701667289996,1.29533774966981
"14",15,1.05374905649426,1.25024160469389
"15",16,1.07030328850472,1.23570935652375
"16",17,1.04833244539327,1.28272434874239
"17",18,1.04355987679711,1.30375085142944
"18",19,1.05421743432784,1.26220539623788
"19",20,1.05624637339735,1.30762903312544
