"","time","MRA","LR"
"1",2,1.0329954872322,1.0468870011296
"2",3,1.03613990468619,1.08795719073887
"3",4,1.0521357682224,1.12599957401694
"4",5,1.01937888543646,1.12004931870279
"5",6,1.01318929915112,1.10026636644983
"6",7,1.04041664392779,1.17378535981253
"7",8,1.00395621696132,1.18353831220707
"8",9,1.06138098464951,1.21784069583232
"9",10,1.05098601299844,1.20792634343579
"10",11,1.10153183088794,1.27892050152904
"11",12,1.0332316063859,1.22431145956728
"12",13,1.02203074020234,1.17615873932284
"13",14,1.03776367836246,1.15920794510579
"14",15,1.03535522296964,1.187452379796
"15",16,1.02954746371698,1.20635987598057
"16",17,1.05350120981961,1.1930790076188
"17",18,1.09838834125835,1.23163782846097
"18",19,1.01195310218575,1.15734635865196
"19",20,1.00740701758508,1.21276623851645
