"","time","MRA","LR"
"1",2,1.03831887371808,1.06334065017184
"2",3,0.983241609212388,1.01272921020895
"3",4,1.02933710876385,1.07976946944615
"4",5,1.01896972005053,1.06010679942797
"5",6,1.02144961197203,1.09087519551821
"6",7,1.05791183430925,1.15168438538322
"7",8,1.02162637807783,1.14086098883643
"8",9,1.02762037641983,1.07278732195964
"9",10,1.06737314143389,1.17492049031609
"10",11,1.04712515831972,1.14574136499882
"11",12,1.02752875593289,1.142731936633
"12",13,1.01047371707983,1.16732720579617
"13",14,1.04964715390668,1.15203747643145
"14",15,1.0446585284194,1.17493680292482
"15",16,1.06261906203783,1.25486587295454
"16",17,1.01319481954171,1.10776525107715
"17",18,1.03965665393798,1.2384424165079
"18",19,1.07408091412703,1.19968373619073
"19",20,1.04832440011815,1.14288709551371
