"","time","MRA","LR"
"1",2,1.00773232260576,1.07574122612002
"2",3,0.990209272864452,1.13946249339139
"3",4,1.05435241829825,1.07679324945109
"4",5,1.04236128772047,1.12922911211841
"5",6,1.05539115708415,1.1588150157713
"6",7,1.05723168521602,1.20819302654935
"7",8,1.08017989261388,1.31021795035914
"8",9,1.07432768192555,1.30381509157267
"9",10,1.04367648014549,1.25492828589437
"10",11,1.02996524097309,1.24072284164291
"11",12,1.05131132090756,1.21604947653289
"12",13,1.06699173275584,1.21107417149875
"13",14,1.02204342328037,1.15284988893934
"14",15,1.0093453659532,1.1426254941011
"15",16,0.989057985559865,1.09719921984109
"16",17,0.969591995690144,1.13392236606171
"17",18,1.01571730481186,1.11740184505418
"18",19,1.03442680659121,1.18030625371146
"19",20,1.03124775461061,1.17960235048791
