"","time","MRA","LR"
"1",2,1.01579840562102,1.06860765219196
"2",3,1.04368059224125,1.09209517500762
"3",4,1.04048645891953,1.08432361800098
"4",5,1.02746339701384,1.12533812471982
"5",6,1.02424559940487,1.09123238240738
"6",7,1.0332336648044,1.15814156755847
"7",8,1.0376863910483,1.1148499658465
"8",9,0.998760237357224,1.22867147616011
"9",10,1.00481044148142,1.17615837361151
"10",11,1.02195252686427,1.23239424078617
"11",12,1.0752758554776,1.23251050364032
"12",13,1.04161917960747,1.25383225866871
"13",14,1.05754208908951,1.296120766121
"14",15,1.0427238494038,1.28850932347123
"15",16,1.02993277651123,1.27276023746794
"16",17,1.06311789869585,1.40689043744001
"17",18,1.04544279748825,1.33959490275119
"18",19,1.05635704259325,1.30080131881246
"19",20,1.05615839662882,1.34023249303607
