"","time","MRA","LR"
"1",2,0.977036110394876,1.02909745763329
"2",3,0.965753991456841,1.0022413532684
"3",4,0.954037830290888,1.05647520882515
"4",5,1.01122368949694,1.13785718844896
"5",6,0.994339659957643,1.16511065291864
"6",7,1.03118286969133,1.17756271770944
"7",8,1.05077423195698,1.27188890270585
"8",9,1.00351956647062,1.21487840821644
"9",10,1.04278959770223,1.24916917229909
"10",11,1.02871270929197,1.24114617972592
"11",12,1.05342239912412,1.20614974189516
"12",13,1.06987962948047,1.15066557066255
"13",14,1.03163519734162,1.21716011131847
"14",15,1.05556887956495,1.26235809816849
"15",16,1.03293570375561,1.19754138435414
"16",17,1.05503414962687,1.21995159989624
"17",18,1.03336271222936,1.23041718015608
"18",19,1.03172216811547,1.21207922697742
"19",20,1.03505750092029,1.22764302102297
