"","time","MRA","LR"
"1",2,0.990599415258944,1.01155152068632
"2",3,0.980752285525153,1.10724074393345
"3",4,1.00939988099483,1.13262127610433
"4",5,1.00665801166115,1.09229323828404
"5",6,1.01421693759471,1.06148109160518
"6",7,1.00471009774948,1.14722080267064
"7",8,1.02643885369292,1.20688761102512
"8",9,1.05950449244238,1.23594609695695
"9",10,1.05013927690397,1.28473131908935
"10",11,1.03001052323726,1.32207585435422
"11",12,0.996035571095,1.22070310194841
"12",13,1.0295141706691,1.15716235366494
"13",14,0.981342263392753,1.22631400370607
"14",15,1.03399189089361,1.2722219006687
"15",16,1.05634833847144,1.32069462927944
"16",17,1.04622023018136,1.29128926022004
"17",18,1.05462873665605,1.30267154518998
"18",19,1.07190116506771,1.20295802304283
"19",20,1.05193697778399,1.12267217627202
