"","time","MRA","LR"
"1",2,0.964099050086156,1.04725856278183
"2",3,1.0197480171318,1.06487358777935
"3",4,1.03892056795525,1.1272682303731
"4",5,1.03905314909081,1.13025283895699
"5",6,1.08618987890093,1.21319276255514
"6",7,1.01254095429863,1.14231785491155
"7",8,1.01845117148408,1.17514743255383
"8",9,1.04696075493332,1.18962605276191
"9",10,1.01195866961635,1.17396436305693
"10",11,1.00763772139047,1.26250120997147
"11",12,1.04202822872244,1.28719636404113
"12",13,1.04413291164595,1.32286007638071
"13",14,1.04797061247793,1.37700966939292
"14",15,1.02572805422229,1.36075721778381
"15",16,1.02298563821945,1.27604831204521
"16",17,0.991759396150922,1.19889897499368
"17",18,1.01917338812762,1.25929102247825
"18",19,1.03638737704166,1.29637288545711
"19",20,1.08631452976651,1.21288289794729
