"","time","MRA","LR"
"1",2,0.973840676482448,1.03201910896677
"2",3,1.00930868134857,1.07676371976586
"3",4,1.01182800239448,1.10527792234888
"4",5,1.00709698326058,1.11284505373033
"5",6,1.04309255353228,1.18286020413134
"6",7,1.0654012967319,1.19787317862761
"7",8,1.036682741061,1.23688323748079
"8",9,1.05543296261401,1.18192671015509
"9",10,1.06197216241451,1.19299765685962
"10",11,1.0380469889675,1.17470890489605
"11",12,1.04819951693475,1.18556657440311
"12",13,1.07594647421083,1.3162429323156
"13",14,1.04445231954341,1.26766307065793
"14",15,1.05456762561257,1.30647067458184
"15",16,1.08782595055773,1.34009674126737
"16",17,1.05599479587966,1.33507104084163
"17",18,1.05793529378125,1.34118489168645
"18",19,1.06456191016692,1.23573599808492
"19",20,1.11512054656547,1.34966647886979
