"","time","MRA","LR"
"1",2,0.969096617000275,0.991112687618837
"2",3,1.04544483047733,1.06223709426179
"3",4,1.07386701490369,1.17528454989187
"4",5,1.05155974401086,1.18733631889369
"5",6,1.03487384519727,1.15136946198362
"6",7,1.03348675266989,1.05817305175797
"7",8,1.08128288367196,1.09009281939179
"8",9,1.077894831391,1.18964128535057
"9",10,1.06323832600436,1.22407391207488
"10",11,1.05986579070261,1.15726297083684
"11",12,1.06860207965159,1.23813163403785
"12",13,1.06899957253474,1.31520663469749
"13",14,1.02569661149903,1.27845750185452
"14",15,1.04381242777532,1.28265248032726
"15",16,1.05893391453591,1.38616832864415
"16",17,1.03355127309582,1.45819924204507
"17",18,1.06899982526421,1.37638769346059
"18",19,1.05705722328133,1.29583251022782
"19",20,1.00965026355786,1.23389653472509
