"","time","MRA","LR"
"1",2,0.987974111489863,1.04631721120566
"2",3,1.01911494407628,1.05456658769809
"3",4,1.02429823100608,1.10906094897184
"4",5,1.03546443043399,1.16298822630073
"5",6,1.0509440944831,1.20655053363308
"6",7,1.06020764859996,1.23080850852162
"7",8,1.05310480584397,1.25215314950432
"8",9,1.04903198173417,1.22309366640631
"9",10,1.05543222504769,1.34878067552796
"10",11,1.02474176071861,1.27799859901748
"11",12,1.0484147694989,1.2427040322477
"12",13,1.05411297023487,1.3209477239211
"13",14,1.04480327244895,1.29937650355999
"14",15,1.0234505865366,1.2576985771588
"15",16,1.04864962711053,1.39246675750684
"16",17,1.04533873411098,1.2643142008727
"17",18,1.06456494998874,1.30249741042982
"18",19,1.07881834491375,1.20317960083503
"19",20,1.04980691669525,1.32226941482731
