"","time","MRA","LR"
"1",2,0.976857969013701,0.956935927268431
"2",3,1.04521781854872,1.00002898899267
"3",4,1.01240631047881,1.00812298537698
"4",5,1.03735407279945,1.15049863205552
"5",6,1.03475890402198,1.1936483150758
"6",7,1.0665224116931,1.21640138882277
"7",8,1.00187903925244,1.0897776502281
"8",9,1.03994972298619,1.09192932288342
"9",10,1.04367871764351,1.12093920139492
"10",11,1.05135024641077,1.15872042786786
"11",12,1.09300185254186,1.22860674125655
"12",13,1.05388825030774,1.18609455525409
"13",14,1.02223959830201,1.18068741627052
"14",15,1.0542329849205,1.22653196931451
"15",16,1.04477966224561,1.29097559365005
"16",17,0.989087178786957,1.16677898119662
"17",18,1.05433431018869,1.22766962109328
"18",19,1.06785220539299,1.21160447142168
"19",20,1.02317702442483,1.18094282802331
