"","time","MRA","LR"
"1",2,0.907987176406164,0.955584093485977
"2",3,0.957782560080387,1.01720457262677
"3",4,1.02753150577289,1.09971053243949
"4",5,1.02673212410012,1.19618952184441
"5",6,1.02514625977035,1.20391090727997
"6",7,1.03496022076024,1.21863158624483
"7",8,1.06150534970415,1.21633168437889
"8",9,1.07732710037639,1.24256262368795
"9",10,1.06489302590168,1.29799225947396
"10",11,1.08373941650345,1.33971743293753
"11",12,1.01949312572335,1.17015070156821
"12",13,1.06537866489703,1.24986783130604
"13",14,1.0553142926825,1.23203080282002
"14",15,1.09344722626227,1.20620692503033
"15",16,1.02601341878705,1.18401486168931
"16",17,1.01227900711825,1.21252770163169
"17",18,0.995141582429743,1.23424194658804
"18",19,0.997961612295903,1.23155790032297
"19",20,1.03971735318611,1.25509377605723
