"","time","MRA","LR"
"1",2,0.953949860299791,0.956433433556083
"2",3,1.04222209359991,1.10290152548525
"3",4,1.06629952750235,1.21265059122826
"4",5,1.04384786277604,1.15619701864743
"5",6,1.01573268981451,1.02902844342081
"6",7,1.03866951480136,1.18883033179256
"7",8,1.05615760705165,1.15472600891346
"8",9,1.05214132368902,1.18821324046327
"9",10,1.01858642460247,1.25650163344353
"10",11,1.06423253063561,1.29363385911011
"11",12,1.01091290411948,1.26626558109431
"12",13,1.02507048415754,1.20892635865466
"13",14,1.0340109009894,1.25969984364688
"14",15,1.04094439904832,1.30619688951553
"15",16,1.02955668066777,1.31543731851199
"16",17,1.03922598495787,1.26064166302117
"17",18,1.0841321892989,1.27648833313631
"18",19,1.05874256758684,1.19232494894916
"19",20,1.08473720638018,1.18053169858933
