"","time","MRA","LR"
"1",2,0.976303828546826,1.03170555574226
"2",3,1.01370960758764,1.13740080112081
"3",4,1.00265402708679,1.08334457186352
"4",5,1.02019725557072,1.06030047377659
"5",6,1.02863440381441,1.08910804033375
"6",7,1.05288461724303,1.20410338418962
"7",8,1.04571512328824,1.12965397353723
"8",9,0.992686940623059,1.14097892332385
"9",10,1.04334037023959,1.25552013958353
"10",11,0.986403236357803,1.21170604631386
"11",12,1.00180704815092,1.15746393406292
"12",13,1.01984596035944,1.22904115877543
"13",14,1.01213919052171,1.20060060141838
"14",15,1.00111806215365,1.20341892013634
"15",16,1.05879171672938,1.086056571355
"16",17,1.03418022981327,1.16871481205374
"17",18,1.02860646832824,1.21804858342106
"18",19,1.07031015937312,1.27944138373683
"19",20,1.05977917151355,1.23847546796449
