"","time","MRA","LR"
"1",2,0.986754911901698,1.06032746290998
"2",3,0.991717976225652,1.09233187921421
"3",4,0.986630998041929,1.02666375627299
"4",5,1.00343828292424,1.04558580931156
"5",6,1.03152486524378,1.15762516191819
"6",7,1.03221681111008,1.12730874706992
"7",8,1.04716076006736,1.17536242666301
"8",9,1.03850372966668,1.22152608623551
"9",10,1.01444341663299,1.14240788154364
"10",11,1.0446631508986,1.12673372973292
"11",12,1.02780171319289,1.13927473232185
"12",13,1.01879608464602,1.17860704751476
"13",14,1.0371018119657,1.23183125028204
"14",15,1.05588775612076,1.35354720812073
"15",16,1.06936295775827,1.36641688079614
"16",17,1.0525584945191,1.30576139785814
"17",18,1.04712962058239,1.30283131946641
"18",19,1.09727821115769,1.38674319274557
"19",20,1.07530248598386,1.29890540463101
