"","time","MRA","LR"
"1",2,0.939291480417299,0.981138712209194
"2",3,1.00646001706079,1.16412944176776
"3",4,1.03050038320541,1.17562735093283
"4",5,1.05810572694435,1.24783396690921
"5",6,1.04784521329999,1.24961009268441
"6",7,1.01027424573261,1.24953697520395
"7",8,1.04166562047934,1.2938692316301
"8",9,1.06486680888284,1.23972132872924
"9",10,1.00455446778078,1.20444036789728
"10",11,1.03351309838369,1.15627659107026
"11",12,1.02334588905289,1.17325279137358
"12",13,1.0401716721043,1.34750750702537
"13",14,1.03308881512743,1.26857466674896
"14",15,1.08191785642185,1.44121815945448
"15",16,1.02999042863525,1.28640907401248
"16",17,1.04089697117727,1.37216613658136
"17",18,1.06174012070283,1.22914314048501
"18",19,1.04057981229313,1.27994536849887
"19",20,1.00522121304659,1.24740891602593
