"","time","MRA","LR"
"1",2,0.94222684059125,0.941876684117445
"2",3,0.988386524455167,1.02544761946782
"3",4,1.00642670596145,1.15561130107048
"4",5,1.02574916572653,1.18957387769523
"5",6,1.03117535231192,1.16504187856611
"6",7,1.04945847576435,1.25209720855419
"7",8,1.01802215722881,1.17059648591356
"8",9,1.01040608857328,1.23600349940333
"9",10,1.060898597481,1.29755448130288
"10",11,1.04188330376558,1.2337370597203
"11",12,1.05032135077874,1.30798932407532
"12",13,1.04769444265798,1.31875112964071
"13",14,1.03538106757161,1.32200737847938
"14",15,0.998804379278134,1.29937068132236
"15",16,1.04517962769656,1.37379111885074
"16",17,1.07976528948031,1.45936730008829
"17",18,1.0517814076186,1.41964687261833
"18",19,1.04326624447155,1.2782912215095
"19",20,1.02320862110089,1.26428304709172
