"","time","MRA","LR"
"1",2,0.965072851965097,0.992564393671048
"2",3,1.00650802895298,1.01357462471255
"3",4,1.01003874485628,1.10850142420412
"4",5,1.06030517624144,1.146501859246
"5",6,1.04901401379909,1.1349828158307
"6",7,1.02455991972603,1.1737400276924
"7",8,1.01174455334645,1.16810997389316
"8",9,0.996142729835631,1.15499588231
"9",10,1.02096631110242,1.090187030332
"10",11,1.03035066851431,1.08437490718537
"11",12,1.09880890250007,1.13056517837994
"12",13,1.04083746575566,1.15617065782544
"13",14,1.04619159403238,1.21557477474181
"14",15,1.0301383888301,1.15987909672262
"15",16,1.00710653240658,1.26449397347727
"16",17,1.04721678960291,1.18989250697963
"17",18,1.0603987730535,1.26637317759721
"18",19,1.07113811122985,1.2263098688018
"19",20,1.04457281080413,1.18571196817752
