"","time","MRA","LR"
"1",2,0.938310878488808,0.930035331819317
"2",3,0.989684753542445,1.0418229826338
"3",4,1.00636832824602,1.08485542129756
"4",5,1.00607756185319,1.10560404730894
"5",6,1.0181117060701,1.13371959350631
"6",7,1.00033404458145,1.14766860316423
"7",8,0.996627179132536,1.12911342837091
"8",9,1.04106114925608,1.22672778290211
"9",10,1.05738251194065,1.31046691122177
"10",11,1.07530696287643,1.40698385252227
"11",12,1.02676349576037,1.23541003709686
"12",13,1.01963009811801,1.19042852554066
"13",14,1.06367644936604,1.38285275861046
"14",15,1.05116378921526,1.30529483894802
"15",16,1.04080833682491,1.16173031822596
"16",17,1.03927475683543,1.18772878211303
"17",18,0.997869390292174,1.17805783781743
"18",19,0.998464791703059,1.25706544293951
"19",20,1.03123908186566,1.2376333118746
