"","time","MRA","LR"
"1",2,0.977729363321879,1.007508133153
"2",3,0.996046809286716,1.00859764805603
"3",4,1.00833128552701,1.08837446141972
"4",5,1.03976456029999,1.12900665140332
"5",6,1.03793782871982,1.27775421423727
"6",7,0.996440407098465,1.17009840613891
"7",8,1.0272208903476,1.1809798500128
"8",9,1.05129460516788,1.27079608694752
"9",10,1.0390294822019,1.23858974500319
"10",11,1.06317631138374,1.30644612242451
"11",12,1.02978926521335,1.24499985275456
"12",13,1.03365281258192,1.27413173332113
"13",14,1.06123335140838,1.39091072775892
"14",15,1.08565832552001,1.36274693618466
"15",16,1.04514268832509,1.34986597468654
"16",17,1.08462560159319,1.38530194532411
"17",18,1.0531755996507,1.27446031551441
"18",19,1.0303716945135,1.36156917297629
"19",20,1.02195751120342,1.16997272188146
