"","time","MRA","LR"
"1",2,1.02961818444139,1.0778088679106
"2",3,0.97359288823218,0.99252897664906
"3",4,1.02770381797064,1.11661779035072
"4",5,1.03245454379437,1.05987911213487
"5",6,1.03628853691057,1.11551574541949
"6",7,1.01685325692118,1.13746183090742
"7",8,1.05087098755397,1.14684545062864
"8",9,1.0282545875255,1.15987229253342
"9",10,1.04644946527901,1.17571485770313
"10",11,1.02853387707555,1.18058561406086
"11",12,1.08307436616381,1.26705564359394
"12",13,1.00434188727564,1.20045167332424
"13",14,1.05098286186316,1.27120322819661
"14",15,1.0797424883857,1.27051815894845
"15",16,1.09942950424637,1.25995369208819
"16",17,1.0517930644539,1.21966299434079
"17",18,1.01035552156373,1.16374759324852
"18",19,1.02098486240416,1.21001073381903
"19",20,1.06145574935495,1.21100482295724
