"","time","MRA","LR"
"1",2,0.946116452727709,1.00257241525264
"2",3,1.01602248261178,1.00241480480204
"3",4,1.03172669819453,1.00908589783188
"4",5,1.00387394645592,1.09534658940071
"5",6,1.02004095464037,1.07684220476394
"6",7,0.996991726376831,1.07321986041093
"7",8,1.00396628350959,1.07475444159416
"8",9,1.04869614747987,1.08417172580571
"9",10,1.0252557651998,1.07032655407959
"10",11,1.03938476204965,1.18255267306328
"11",12,1.05419052618032,1.24697143263292
"12",13,1.05091861755021,1.23166823379096
"13",14,1.06452348853679,1.19606399777848
"14",15,1.04729437157888,1.24054405072332
"15",16,1.03100328925008,1.15994113683369
"16",17,1.05017812836844,1.18169179662639
"17",18,1.05019712374604,1.21231670702222
"18",19,1.01409717028486,1.14827154485371
"19",20,1.03216714387442,1.16231386227792
