"","time","MRA","LR"
"1",2,0.987123826189394,1.03920508275736
"2",3,0.981491155490184,1.01074440158994
"3",4,0.998145603327805,1.06048775487921
"4",5,1.00821550802518,1.15303384414474
"5",6,1.04723171872948,1.1159233112953
"6",7,1.04101366325329,1.16925393420974
"7",8,1.02528771312573,1.31768443559452
"8",9,1.08364566738283,1.24856631341512
"9",10,1.05830948200892,1.18956557929261
"10",11,1.0157648647003,1.17084592085571
"11",12,1.02404408284766,1.15180382428743
"12",13,0.993871953753683,1.10766610084207
"13",14,1.0757846393723,1.28868841881486
"14",15,1.08140568612137,1.26011476060426
"15",16,1.05454103120011,1.31427794928832
"16",17,1.05990234933068,1.31067403313976
"17",18,1.00262130179949,1.25167415903065
"18",19,1.00609797564861,1.30097809713969
"19",20,1.00597529036689,1.28118498368172
