"","time","MRA","LR"
"1",2,0.972773699685766,0.988570591936445
"2",3,0.998796446225151,1.01940594022372
"3",4,1.01525201654955,1.02566377171115
"4",5,1.02684085284694,1.15563509655116
"5",6,1.02446516039343,1.18107360967063
"6",7,1.05511783000972,1.09658155610487
"7",8,1.01637468928079,1.17824530910283
"8",9,1.03987989605055,1.23371841500885
"9",10,1.08480836318552,1.25755243404911
"10",11,1.0729053032509,1.25440573058335
"11",12,1.07895899004244,1.17406320779377
"12",13,1.03271258791828,1.19597352464686
"13",14,1.02779610798531,1.20851747481422
"14",15,1.02062471915258,1.16857513447387
"15",16,1.03871185940658,1.33877722371832
"16",17,1.05466673108445,1.30245724734119
"17",18,1.03342166378052,1.30839651894498
"18",19,1.04540682239604,1.31047004420595
"19",20,1.06299517286989,1.29576472015157
