"","time","MRA","LR"
"1",2,1.00921720516784,1.00761248841099
"2",3,1.00128969477558,0.973155633751121
"3",4,1.03842281073625,1.11035908399507
"4",5,1.03250116350784,1.09578094513693
"5",6,1.059361205404,1.18866034603845
"6",7,1.03935190477548,1.13764046250035
"7",8,1.03624396973655,1.2187102602917
"8",9,1.05484493980554,1.25574102596618
"9",10,1.00254331148841,1.15753882853053
"10",11,0.993972372697357,1.20133724555354
"11",12,0.997660656055624,1.23152251457291
"12",13,1.01240856354771,1.23346475662272
"13",14,0.98374378656908,1.12593775427253
"14",15,1.00651790475045,1.20864929789986
"15",16,1.01807010875897,1.13401621907093
"16",17,1.0181655757485,1.18782136994662
"17",18,1.00373188168122,1.13792630428513
"18",19,1.01435033011541,1.24090572660149
"19",20,1.07907780131787,1.30732399648277
