"","time","MRA","LR"
"1",2,0.957008371218933,1.02203483911587
"2",3,1.00193337198215,1.147951731665
"3",4,1.02581585664128,1.07882065564748
"4",5,1.0677079400442,1.18659575435788
"5",6,1.07517162073682,1.11066791858711
"6",7,1.0169735733846,1.16694612163299
"7",8,1.02466116830345,1.11241104769895
"8",9,1.0499359373782,1.16843999592159
"9",10,1.03255013426182,1.2256493171336
"10",11,1.04291480361417,1.23177806102423
"11",12,1.04284081174387,1.22623825738388
"12",13,1.03829175039608,1.24372905143972
"13",14,1.0437470069606,1.19393992648624
"14",15,1.0531470797887,1.20668821620906
"15",16,1.03572090527041,1.23106641384571
"16",17,1.04627913097647,1.25797420783455
"17",18,1.05846043569217,1.26279657197288
"18",19,1.0649257456023,1.31136638338848
"19",20,1.0989978895957,1.29764245745369
