"","time","MRA","LR"
"1",2,1.00237650374067,1.06110646625535
"2",3,1.00286014746563,1.1464034148113
"3",4,1.05979147192348,1.24275439957566
"4",5,1.04539257924677,1.28542747888103
"5",6,1.0547859121158,1.30359686344132
"6",7,1.01904076961538,1.25309455534892
"7",8,1.02094257738579,1.22520586117617
"8",9,1.04617504402343,1.32607855572817
"9",10,1.03756104838054,1.23946355275964
"10",11,1.03351034245983,1.16960242540283
"11",12,1.04077501436686,1.14812078688421
"12",13,1.00104686308092,1.14655494584175
"13",14,1.05034509251036,1.09105984285
"14",15,1.0356930301465,1.1150250716083
"15",16,1.03976856061224,1.1393954574221
"16",17,1.02461518171342,1.17210007882713
"17",18,1.03323663806723,1.20769846411126
"18",19,1.01668058585055,1.1653090287027
"19",20,1.04126396566674,1.16603614793076
