"","time","MRA","LR"
"1",2,0.963691926857553,0.978987368249719
"2",3,1.01176886329381,1.08305467022084
"3",4,1.04797609993866,1.1795995673097
"4",5,1.04174477457553,1.18588701422041
"5",6,1.0493533071953,1.15557110257191
"6",7,1.04391401857603,1.10173894393703
"7",8,1.04645392752425,1.16900436091831
"8",9,1.09684278426094,1.18112237170485
"9",10,1.01290813758365,1.16205820008175
"10",11,1.04765966736202,1.15164544335854
"11",12,1.00979341229379,1.16386877482302
"12",13,1.0424827329662,1.22755498844401
"13",14,1.07212644391893,1.19506705098651
"14",15,1.02399481041404,1.21387962562023
"15",16,1.03571518101271,1.2627101694774
"16",17,1.03724854362625,1.20295312612436
"17",18,0.993921781218994,1.15688168243079
"18",19,1.04225706009995,1.20331172744354
"19",20,1.02031344470025,1.1259175445243
