"","time","MRA","LR"
"1",2,0.980885361048231,1.04660740159056
"2",3,1.02787617692285,1.0689328049863
"3",4,1.02931846907302,1.0816242198716
"4",5,1.01695813525502,1.0797538075491
"5",6,1.05075761370245,1.2125880061943
"6",7,1.02640099865562,1.15430244789415
"7",8,1.05951319783695,1.10469338744957
"8",9,1.02197170807307,1.07383173216451
"9",10,1.03641723168427,1.13440857490133
"10",11,1.03531329716857,1.25318643639652
"11",12,1.03110259439873,1.27221905503333
"12",13,1.0640774166157,1.43671981003746
"13",14,1.01893622760159,1.23262092698094
"14",15,1.04949861146986,1.18652153490336
"15",16,1.06884166831,1.18312749675829
"16",17,1.03324484196231,1.2029718261299
"17",18,1.04068894331716,1.19494452148533
"18",19,1.02027291319939,1.21550245879936
"19",20,0.989944931861275,1.21032055881291
