"","time","MRA","LR"
"1",2,0.973639275822179,0.986283480375131
"2",3,0.992781014583252,1.03977237563447
"3",4,1.06599853417622,1.08420888314437
"4",5,1.03185821883821,1.09647418580507
"5",6,1.05697092381493,1.20154569711273
"6",7,1.02702858562154,1.16677801726693
"7",8,1.01680147423496,1.18389705801981
"8",9,1.06022838054705,1.26205859176725
"9",10,1.07616826078307,1.24948562839799
"10",11,1.03239858305376,1.2577052529973
"11",12,1.09097674253614,1.19313076403784
"12",13,1.05981730633349,1.34177959077543
"13",14,1.04950259072791,1.39624912112415
"14",15,1.03423865086892,1.40916396278137
"15",16,1.06147772650368,1.31645765770214
"16",17,1.09636178695248,1.35715597293019
"17",18,1.03786154516988,1.27567772626349
"18",19,1.02903250810885,1.21191474403667
"19",20,1.03104311603833,1.25617592547585
