"","time","MRA","LR"
"1",2,0.985834097399733,1.03318840830641
"2",3,0.974710462323819,1.04714577092277
"3",4,1.01227920989833,1.1096646944178
"4",5,1.07039562248698,1.09658928356109
"5",6,1.01730171136363,1.18042807577258
"6",7,1.04594825042454,1.19362332217516
"7",8,1.04850303014428,1.24184609328612
"8",9,1.03379435769756,1.18281789502722
"9",10,1.01748225731974,1.21422762903915
"10",11,1.01967871579712,1.19496528356919
"11",12,1.05733076832551,1.23887943254786
"12",13,1.01782499237269,1.12084292574299
"13",14,1.03907251679289,1.15367029214635
"14",15,1.01362537572986,1.18500181713844
"15",16,1.05725368245652,1.27766555000625
"16",17,1.07509604450628,1.23510922303426
"17",18,1.01948703149662,1.25413993555806
"18",19,1.0556642364309,1.32594327974102
"19",20,1.0563525302267,1.2622594516713
