"","time","MRA","LR"
"1",2,0.957127395544668,1.03615548132798
"2",3,1.01568672174847,1.09785601396832
"3",4,0.986902799122461,1.1215737082238
"4",5,1.01212297706712,1.10977210517288
"5",6,1.04040200454576,1.14073256250635
"6",7,1.0485682787892,1.07965540144122
"7",8,1.00648673728324,1.132897134225
"8",9,1.04733998493749,1.24255988777258
"9",10,1.05636336264009,1.16626750411965
"10",11,1.02325572626711,1.2339725179104
"11",12,1.05495554686731,1.17993112599705
"12",13,1.05016876007602,1.20121179485506
"13",14,1.09473150954491,1.28090320140812
"14",15,1.04853754869544,1.227845693628
"15",16,1.07644663685706,1.20321120706147
"16",17,1.05280470679163,1.1728357297021
"17",18,1.03478462448781,1.17729058737675
"18",19,1.04670107484466,1.18250060921275
"19",20,1.04839794636945,1.25005389234324
