"","time","MRA","LR"
"1",2,0.946753198157559,0.967443763638708
"2",3,0.986023800491588,1.01400264031246
"3",4,0.973947211083004,1.07403393073562
"4",5,0.96937557058754,1.03094915874329
"5",6,0.99161311246824,1.0791447811107
"6",7,0.993213851001598,1.10979432360871
"7",8,1.03838802067565,1.19640680349162
"8",9,1.01872329072544,1.13991615909617
"9",10,1.0288150754677,1.1465151085171
"10",11,1.08133514522694,1.29027379968466
"11",12,1.08959394191717,1.33900564587141
"12",13,1.04667662392684,1.36010696991542
"13",14,1.04852806613565,1.27421249620608
"14",15,1.03385350999285,1.16980018771559
"15",16,1.02346429009548,1.11761372280921
"16",17,1.08632187982044,1.114970513969
"17",18,1.01268183783892,1.07871156795148
"18",19,0.998997087211912,1.17529464295109
"19",20,1.01456444261951,1.24064874858661
