"","time","MRA","LR"
"1",2,1.00360088598536,1.09833293846068
"2",3,0.983114416014071,1.08218011582514
"3",4,1.04991437504532,1.12599314780277
"4",5,1.00752953909555,1.15567415935158
"5",6,1.00249350767946,1.17900539432561
"6",7,1.00541776567183,1.17004930855507
"7",8,1.02351903257892,1.21436299884638
"8",9,1.04991074020604,1.26522494512711
"9",10,1.06122814600172,1.23372980663515
"10",11,1.05531544662401,1.2479210423427
"11",12,1.03919838776788,1.3106771436886
"12",13,1.05592520457137,1.28353298009703
"13",14,1.08377204183325,1.25801602865073
"14",15,1.02168666464757,1.27100420646419
"15",16,1.01645169116848,1.20018768276677
"16",17,1.05951728951885,1.25817141365363
"17",18,1.03670554748203,1.32633636179718
"18",19,1.0457718272282,1.29404842517302
"19",20,1.03937880504428,1.18943271843368
