"","time","MRA","LR"
"1",1,0,0
"2",2,125.65465007592,476.388842146812
"3",3,76.9826442807446,537.393445493635
"4",4,62.6076555694284,606.185641739065
"5",5,95.7636311513868,688.545187203874
"6",6,92.8604667545061,717.02603938536
"7",7,93.1411264850142,766.684175381905
"8",8,108.31158269936,878.985601696102
"9",9,122.159958879453,978.901288747154
"10",10,115.664966525754,944.102571585206
"11",11,97.6363714169912,972.246471843673
"12",12,103.591244230452,826.581707042165
"13",13,114.103361208085,867.927370472887
"14",14,105.097062783115,852.932018636915
"15",15,125.593607870317,926.44270338973
"16",16,123.938281514329,945.213369859207
"17",17,118.572879728214,932.917550624127
"18",18,115.759851574889,951.319910652183
"19",19,106.528057815735,839.817612175383
"20",20,123.833628960226,840.236200146665
