"","time","MRA","LR"
"1",1,0,0
"2",2,138.852656348,438.718232637597
"3",3,88.1619991708681,504.479505168151
"4",4,95.1996870423075,676.633211129125
"5",5,106.308890775835,679.872800235688
"6",6,107.169354065252,749.038641594351
"7",7,128.606495187548,840.10012136879
"8",8,136.416977294888,964.21730249099
"9",9,126.506632976888,886.992134894061
"10",10,108.360492656995,762.998023078067
"11",11,99.9064302286629,767.502419953905
"12",12,121.379927634014,826.217475441526
"13",13,107.485853670636,898.243758939377
"14",14,116.478404671109,1058.49189990275
"15",15,126.728836508567,850.257517647154
"16",16,132.250360027898,1137.0887032038
"17",17,128.569795172476,1124.09422116057
"18",18,134.237853682324,1236.09246961648
"19",19,107.376475262318,1125.8948074319
"20",20,95.7760377147546,983.393951978816
