"","time","MRA","LR"
"1",1,0,0
"2",2,152.023953594691,481.95996716455
"3",3,80.9524977955064,493.842943750904
"4",4,107.704548245524,698.344073889793
"5",5,114.583120277677,755.087126139028
"6",6,87.5533505230043,776.613576030551
"7",7,88.3171816140776,662.192916406921
"8",8,108.892134060839,697.553901952735
"9",9,113.236661549367,699.661193504789
"10",10,106.291869666129,615.921491397492
"11",11,137.336336598942,738.34138370962
"12",12,138.118460599853,829.483337620715
"13",13,117.089111805996,792.490604162442
"14",14,96.6961529638548,782.774974819618
"15",15,112.606643928683,931.480046451201
"16",16,122.578048204044,1059.76651326905
"17",17,118.29675938347,874.189829539479
"18",18,116.643590735044,822.244800957307
"19",19,110.575331056501,779.904079582016
"20",20,112.973621114339,855.239399115008
