"","time","MRA","LR"
"1",1,0,0
"2",2,153.213395463814,492.294010276767
"3",3,91.8371784235625,571.127388232177
"4",4,62.2209102998023,567.220172604625
"5",5,74.5206339935341,569.495068654707
"6",6,79.8889632910137,605.674152117902
"7",7,85.2290163477803,907.418859739817
"8",8,97.1242102758353,902.192645533851
"9",9,102.615566749532,974.122656527808
"10",10,90.9738145359056,868.539132069737
"11",11,97.7324406669796,845.227236526445
"12",12,85.7836307666938,823.401484575812
"13",13,108.356186460848,864.459987756597
"14",14,100.542083435492,972.637285929706
"15",15,100.77684924491,850.667470405273
"16",16,119.001486272331,938.640301816709
"17",17,111.995533444996,985.470978725652
"18",18,130.339739130507,899.762144008044
"19",19,145.427869377696,884.02772957156
"20",20,143.134831795663,887.76387560619
