"","time","MRA","LR"
"1",1,0,0
"2",2,129.308413155054,475.635226321726
"3",3,86.1485256834427,628.329601916598
"4",4,83.2571368785981,591.000521146278
"5",5,81.8739589619302,694.148469632193
"6",6,98.8875880314599,854.723096267861
"7",7,93.1497121047306,798.936672056135
"8",8,99.3181059007103,847.503768700237
"9",9,87.0644864364923,753.360794090082
"10",10,88.1804817301564,892.044202236072
"11",11,109.660570756288,1011.84443567348
"12",12,124.339355025725,852.739823169177
"13",13,107.164931717528,878.251540923628
"14",14,128.909961530724,837.975344810984
"15",15,118.801934038674,823.746255615045
"16",16,115.796041536355,752.208202005646
"17",17,127.63711695835,693.194500257036
"18",18,134.551813836228,812.243502817264
"19",19,134.629804331608,845.284313467229
"20",20,117.396278293517,887.994578036679
