"","time","MRA","LR"
"1",1,0,0
"2",2,109.668255950212,488.545792036008
"3",3,48.9626966828785,564.431657585916
"4",4,72.205589065551,566.855470587726
"5",5,75.537336765836,707.178624854156
"6",6,70.0550240594185,936.663072026375
"7",7,81.7777117314021,979.454202716639
"8",8,102.794216447945,1059.75876917122
"9",9,94.6962907128691,1098.76208113952
"10",10,86.1955187448838,1100.53483349411
"11",11,95.4566624676199,908.439283826896
"12",12,121.604691242014,970.780929208544
"13",13,133.664023254689,1034.94573034505
"14",14,114.610590645368,1025.84730694849
"15",15,133.994944100582,1102.60837709084
"16",16,138.991870430548,1027.92943594921
"17",17,121.828643628187,1049.95771114575
"18",18,122.45291244807,1117.43339260418
"19",19,135.044648630858,1127.39366990796
"20",20,142.039449035586,1049.8134720902
