"","time","MRA","LR"
"1",1,0,0
"2",2,151.850010999854,492.390606981231
"3",3,91.3630078901069,548.712002054455
"4",4,90.4497062163944,622.580435216083
"5",5,121.285890309739,695.661392594036
"6",6,130.200092035675,798.329841220487
"7",7,136.990760872551,865.649014966236
"8",8,89.8608023312175,827.357543338903
"9",9,101.685533367706,711.938605073787
"10",10,91.7666795495832,806.350405240265
"11",11,103.887602400771,957.704761897882
"12",12,107.869722517533,949.762942477024
"13",13,99.1132807647278,763.669364569006
"14",14,121.489555133655,767.139296005967
"15",15,116.36688510482,891.335113684589
"16",16,109.594695168797,823.99869541766
"17",17,142.357771596754,941.373025723361
"18",18,114.635996573703,1006.60082828803
"19",19,109.109133415931,1082.90629368868
"20",20,124.33833327453,919.846315076864
