"","time","MRA","LR"
"1",1,0,0
"2",2,125.487265262939,468.949394587477
"3",3,87.8877192007069,481.910283658131
"4",4,55.2043277175288,601.255996659328
"5",5,52.8197390571626,551.278028353384
"6",6,115.833944142806,687.049974106978
"7",7,115.047518204529,676.171977135388
"8",8,122.292363016014,791.87474527011
"9",9,110.468324971152,931.856757060785
"10",10,136.876161360162,946.528021089344
"11",11,128.717662552406,1021.63762244914
"12",12,151.039159414314,983.591194947395
"13",13,107.110351515854,961.92721932275
"14",14,119.162351895877,908.123827338296
"15",15,120.243866012854,917.797498222296
"16",16,117.592918545469,860.929007237755
"17",17,103.11431931273,880.184646955201
"18",18,132.355224696684,848.624135393824
"19",19,112.01359517894,833.426256423794
"20",20,77.7160518482858,872.837939946395
