"","time","MRA","LR"
"1",1,0,0
"2",2,123.44494002946,456.894892667218
"3",3,92.2649807846387,593.64869925181
"4",4,83.7469693115983,663.419479403429
"5",5,70.0841213287464,652.014358459821
"6",6,85.4074604062571,643.688077112435
"7",7,110.048815300004,679.657120126754
"8",8,111.181428649771,698.260422544403
"9",9,126.511260898211,684.23052819212
"10",10,126.165356097917,785.550057137567
"11",11,114.769939949006,759.158919007097
"12",12,130.262698962796,893.285695084854
"13",13,109.577331334285,817.240411204334
"14",14,94.7977639893352,759.050836729839
"15",15,119.384099002403,858.213364756897
"16",16,115.583110214542,891.611638536824
"17",17,130.814235912145,891.645875979898
"18",18,154.673707516175,1020.53350772315
"19",19,150.294727762763,955.913133589107
"20",20,143.943424286608,1053.98133358965
