"","time","MRA","LR"
"1",1,0,0
"2",2,142.468716756106,508.728461935434
"3",3,76.3716996889983,489.760649560197
"4",4,74.4230259784613,623.389441906245
"5",5,98.0287890055023,764.249443970421
"6",6,85.0510883143204,780.526152459634
"7",7,111.032147534114,842.30822088284
"8",8,90.6393387167938,793.719961285239
"9",9,127.615269247284,826.314865544955
"10",10,131.841235158954,788.109862819495
"11",11,155.219316330484,925.872384546437
"12",12,144.16495233585,1002.7961855962
"13",13,121.115789750242,919.386605584305
"14",14,115.913882335737,832.681647396108
"15",15,118.595564202239,747.675914203813
"16",16,110.114879677528,822.256972381118
"17",17,111.98933001273,941.034190383444
"18",18,110.254472800461,836.212515640631
"19",19,92.262471119413,744.224348991108
"20",20,119.218033868666,855.311386971827
