"","time","MRA","LR"
"1",1,0,0
"2",2,144.643653831488,482.390421997376
"3",3,93.4280835141055,508.73931453746
"4",4,78.1784936902609,538.325580087411
"5",5,103.847008246082,699.374270327364
"6",6,116.868486907639,839.171384284377
"7",7,140.198885932997,875.815121683856
"8",8,137.991486601069,988.152454930059
"9",9,145.873052783277,976.726222517759
"10",10,139.377300634434,1041.3502290059
"11",11,101.427955425972,1046.29646664312
"12",12,101.169812481644,962.049095157477
"13",13,109.799225112526,877.459154776526
"14",14,130.45060347298,893.172257012966
"15",15,126.537946245019,887.134272568906
"16",16,106.966939746559,726.911739249645
"17",17,157.657056879163,765.039818144676
"18",18,108.600884936988,837.155577443953
"19",19,108.326992500313,808.199858707451
"20",20,114.258471709424,857.55622366461
