"","time","MRA","LR"
"1",1,0,0
"2",2,124.240398882981,501.584724249153
"3",3,59.4661880151152,573.697294478516
"4",4,85.1438153814444,678.4848824055
"5",5,95.6268092672364,725.723989920757
"6",6,92.7193141480776,849.942938639892
"7",7,96.3178274657165,786.05394880338
"8",8,89.3104485996489,679.775528690346
"9",9,81.3142390886319,740.657801574916
"10",10,104.033946049989,897.9433652603
"11",11,94.3158147896452,954.566010286914
"12",12,98.7637196404971,975.371989717324
"13",13,84.131669028606,793.141249834
"14",14,110.584206412913,947.092349434854
"15",15,119.410212919779,869.964274568372
"16",16,80.8016046895749,829.816221705101
"17",17,115.285797121726,890.642189993201
"18",18,115.058627174765,831.851905678781
"19",19,115.512316100976,792.984272138762
"20",20,112.050430507158,750.435033770298
