"","time","MRA","LR"
"1",1,0,0
"2",2,122.869825393128,535.57326331756
"3",3,71.5015357182434,627.276587469195
"4",4,80.0773025831586,714.537518703487
"5",5,82.5290198789288,653.420655560654
"6",6,113.953492173971,711.505468621192
"7",7,101.692073571152,792.582951582076
"8",8,112.638128766279,750.074103648182
"9",9,116.012418949174,838.908691185938
"10",10,120.951771039857,953.751754938502
"11",11,147.002646094083,1059.34595605332
"12",12,147.190570930628,1014.89929207769
"13",13,130.020144602554,1135.08559726289
"14",14,119.233809063242,1028.51781139557
"15",15,106.795980644191,1040.81677422959
"16",16,118.134276326405,1220.33670090583
"17",17,127.36284680928,1001.99365004912
"18",18,144.782036614552,887.749440478605
"19",19,109.597502461015,742.746042640895
"20",20,118.846471329905,791.282244879944
