"","time","MRA","LR"
"1",1,0,0
"2",2,148.259030261084,492.915838196306
"3",3,83.6096713459743,502.960017951698
"4",4,89.5443747133407,568.329376430068
"5",5,106.305815183958,682.017981475061
"6",6,94.5994167265015,887.453139738134
"7",7,125.559691871306,957.250682624146
"8",8,93.2267365376817,846.030600716588
"9",9,83.9840162356643,827.52269704131
"10",10,75.6813326775409,984.873994474236
"11",11,93.6837932734547,1072.81259462229
"12",12,110.188451681424,1081.1427685323
"13",13,116.668814062648,997.090680507463
"14",14,118.242123491966,902.732941196093
"15",15,87.4065671065086,946.609017306387
"16",16,104.615140923106,1033.61336077932
"17",17,116.573181345881,1093.54071027978
"18",18,103.921029365583,1017.14615615678
"19",19,136.682041413854,1106.56962152891
"20",20,138.603176176152,1034.72198533471
