"","time","MRA","LR"
"1",1,0,0
"2",2,138.223139241922,500.962221307793
"3",3,72.9853500246448,549.205347786449
"4",4,81.9260209492434,584.297826516237
"5",5,92.4688541287275,588.41698654976
"6",6,106.749919601884,609.495684686208
"7",7,98.7044665661567,597.854914216917
"8",8,103.728009286556,664.250339617817
"9",9,108.19082183424,723.479472294118
"10",10,83.6720924344803,694.585546819457
"11",11,81.3061607253119,697.524937182683
"12",12,107.858227005187,768.65067320514
"13",13,112.940001488883,825.909512584672
"14",14,125.473083501236,940.275823059959
"15",15,102.576592333635,801.773875334971
"16",16,94.3263559631465,743.930621207561
"17",17,113.152020647698,1020.34606609083
"18",18,110.209154355751,903.103016169497
"19",19,119.669379516299,897.290788533578
"20",20,111.264506965244,927.525563113446
