"","time","MRA","LR"
"1",1,0,0
"2",2,142.231641026848,476.580724121628
"3",3,82.321388390321,481.350808423898
"4",4,77.7026874739911,475.292843102592
"5",5,86.434886301845,628.932559721782
"6",6,73.7817668251705,749.063277962137
"7",7,100.919955775495,846.902977356266
"8",8,101.635396265793,851.278325900463
"9",9,121.641060242383,1022.65432201936
"10",10,101.734240352839,915.234743889739
"11",11,74.4291066522414,812.931900700823
"12",12,105.90294220329,821.367150368006
"13",13,103.834775809638,822.517692798007
"14",14,104.547686945263,729.185634449032
"15",15,85.7947003604127,775.908372898307
"16",16,113.61141337511,849.979074235474
"17",17,133.456213878523,1012.44638327587
"18",18,123.488645504058,974.56134229027
"19",19,104.221724386758,870.43564787522
"20",20,84.0445364930947,709.299482276115
