"","time","MRA","LR"
"1",1,0,0
"2",2,138.786737718608,464.249813285491
"3",3,85.8932371890861,493.65136536233
"4",4,100.483019437614,506.795739283725
"5",5,72.9645341633184,650.429832222153
"6",6,79.4699789254631,670.334050702113
"7",7,74.1767855290008,646.497204182118
"8",8,110.017716533779,774.081512420287
"9",9,113.029596698976,800.441773435352
"10",10,86.7504477544372,750.395456969977
"11",11,99.2509729486419,977.16234772176
"12",12,86.8587561124313,963.697590619796
"13",13,91.1419443342024,890.536001443217
"14",14,99.2909317426949,945.213694568305
"15",15,105.734753397394,870.371337463743
"16",16,108.131404483173,780.284422856885
"17",17,111.414813073026,809.176587248614
"18",18,140.086291704187,937.950539174334
"19",19,128.445651691763,925.79559666999
"20",20,131.850659628543,1000.5696114006
