"","time","MRA","LR"
"1",1,0,0
"2",2,153.82286646843,640.196428207836
"3",3,81.8355043184877,598.659862974769
"4",4,84.4796549816887,569.593568903766
"5",5,115.396332027392,604.138440318647
"6",6,110.362399368144,592.818793539751
"7",7,94.0282275830174,720.365315518399
"8",8,88.6081058096523,743.48767411335
"9",9,81.7593806901235,675.397372497203
"10",10,107.873864820368,721.718882371582
"11",11,110.749802853042,739.776950896072
"12",12,125.781973802001,778.791341995487
"13",13,115.502639612111,987.191947320599
"14",14,134.935924026492,1087.19015994559
"15",15,151.368722804923,1046.24355287429
"16",16,158.704301829273,924.98763088927
"17",17,142.02970818416,942.487431233566
"18",18,133.192931294776,952.549071296757
"19",19,128.411270106133,984.808782993254
"20",20,130.876781251944,1134.93566497709
