"","time","MRA","LR"
"1",1,0,0
"2",2,147.508613522344,481.787592500748
"3",3,103.044617692206,596.318755381482
"4",4,101.429496170406,694.206778183557
"5",5,68.6638084238817,891.578988958803
"6",6,99.6760054448844,799.209977457958
"7",7,113.147068295773,771.132040613037
"8",8,93.7916504491252,753.512585188733
"9",9,104.917317322412,789.381789005848
"10",10,94.725977911026,887.07854915381
"11",11,107.047166029079,951.8449993323
"12",12,118.295089998888,837.310287714544
"13",13,128.499453775856,864.793030511773
"14",14,113.844732528908,806.756895518885
"15",15,107.181043495136,856.979818138773
"16",16,90.9901727566114,836.114175736888
"17",17,117.713127584697,833.274423333587
"18",18,122.08604646894,1008.66368305455
"19",19,114.017541800107,906.329487343509
"20",20,118.446060559823,1038.16925609279
