"","time","MRA","LR"
"1",1,0,0
"2",2,128.711304351263,433.956498495157
"3",3,71.4392888912535,487.699020616041
"4",4,70.4047905231696,634.370742839836
"5",5,101.543739172237,715.044186852001
"6",6,87.2558288530984,713.50190773729
"7",7,109.74705780144,714.602919565781
"8",8,125.003336008549,905.335168308517
"9",9,132.941588527619,931.564752203909
"10",10,131.26694890822,906.285291645669
"11",11,122.042091630792,862.880169652229
"12",12,125.736759548906,939.791314207827
"13",13,137.555674475605,870.371124800872
"14",14,126.191291658916,806.182952482514
"15",15,131.586536545325,792.839018802828
"16",16,119.854743910878,834.231969482561
"17",17,101.516078700186,824.502945232738
"18",18,126.461016662894,847.313395134567
"19",19,119.602700500783,779.143426416105
"20",20,121.763396202485,743.903342755804
