"","time","MRA","LR"
"1",1,0,0
"2",2,141.9056295533,507.420035172452
"3",3,92.1533610041399,501.827933554141
"4",4,74.4809233372233,604.614094911145
"5",5,86.8846490610858,744.175482365636
"6",6,65.3345080480616,868.71432915941
"7",7,59.6773288757008,742.579881434292
"8",8,83.3795053025826,848.944319667869
"9",9,103.832036065063,893.325915548587
"10",10,101.453008338197,931.255904790774
"11",11,129.987832476962,943.414008099342
"12",12,113.079210139603,827.708112727025
"13",13,125.328713127913,851.747316233655
"14",14,125.160876637356,876.619304975677
"15",15,139.884627151897,765.130949585535
"16",16,95.6601549796084,823.317192343354
"17",17,74.1757171230321,701.361312249033
"18",18,89.4497555430303,683.183852338327
"19",19,110.464395738547,802.028554902845
"20",20,84.8186196149121,884.701981490496
