"","time","MRA","LR"
"1",2,0.935021524713942,0.937091698601006
"2",3,1.02264895429756,1.07664072408896
"3",4,1.03453339484221,1.06140729077928
"4",5,1.01820224065611,1.08620870900686
"5",6,1.02482730714337,1.10345263163389
"6",7,1.05101119835207,1.20084198242064
"7",8,1.07153467391945,1.22467255203099
"8",9,1.0456991757586,1.13001997700615
"9",10,1.06491183243332,1.30719899534588
"10",11,1.07264699154138,1.2902253064133
"11",12,1.05829860779209,1.30644303300586
"12",13,1.09236328672002,1.28854379657429
"13",14,1.00197960201752,1.2386244839624
"14",15,1.08057576567388,1.24201501860774
"15",16,1.05912738933922,1.21454454259746
"16",17,0.995743414120497,1.18171474383457
"17",18,1.00789530807615,1.11412116994812
"18",19,1.04910791902316,1.14198469434105
"19",20,1.03545939269692,1.3135055460097
