"","time","MRA","LR"
"1",2,1.01149694446697,1.06754781359381
"2",3,0.965899589256202,1.0797005097821
"3",4,1.00382507724234,1.09778386312321
"4",5,1.04458511441729,1.08721576463516
"5",6,1.02414485503103,1.14637299829367
"6",7,1.00301895906175,1.08775810761156
"7",8,1.04039405534974,1.15388526722395
"8",9,1.01220257125923,1.11923841576809
"9",10,1.00815913853742,1.20724422013416
"10",11,1.04932195169676,1.22873685512721
"11",12,1.04429063594166,1.21440950857273
"12",13,1.02540422237975,1.20154431734913
"13",14,1.03737069425392,1.2452044286115
"14",15,1.07741263092504,1.30842696301328
"15",16,1.03448771417426,1.30504318525432
"16",17,1.05758601525529,1.35702432843514
"17",18,1.03484158046241,1.24439497093362
"18",19,1.04642592093905,1.19016536122356
"19",20,1.04983537213034,1.21649559451326
