"","time","MRA","LR"
"1",2,0.937057718192416,1.00613342562388
"2",3,0.990473460144475,1.06643810869283
"3",4,1.00908975845976,1.10490955248924
"4",5,1.02583659480175,1.14197590141844
"5",6,1.03902369651127,1.26595417789689
"6",7,1.03335866505671,1.29624744249649
"7",8,1.01597496087391,1.36291233235936
"8",9,1.03367418945448,1.29645274750993
"9",10,1.04186474281121,1.45913743056736
"10",11,1.03732753263467,1.3537543268343
"11",12,1.01957531543333,1.27356145997736
"12",13,1.0427487037141,1.41434218619536
"13",14,1.05209773783066,1.41302553373355
"14",15,1.02018471669037,1.36432967714979
"15",16,1.03880880092632,1.31410646379753
"16",17,1.00695600096808,1.26638180554398
"17",18,1.02588458712553,1.31080294605295
"18",19,1.06038716201215,1.28780734129114
"19",20,1.07350901158171,1.3790383861332
