"","time","MRA","LR"
"1",2,1.01565527719022,1.00202834952332
"2",3,1.02778198434169,1.12469268724005
"3",4,1.04935195209446,1.16401926879574
"4",5,1.03702694148069,1.18803855462942
"5",6,1.04083068874458,1.2544943214825
"6",7,1.06410924683506,1.26784534546078
"7",8,1.05782310455577,1.22761917517783
"8",9,1.08140315317408,1.28038162074591
"9",10,1.04571213301648,1.2075058025597
"10",11,1.05223735144806,1.19271913833109
"11",12,1.04003645595819,1.30069209270535
"12",13,1.03409687488495,1.26750016113383
"13",14,1.03061215031277,1.178471571807
"14",15,1.07385037675141,1.18245061221725
"15",16,1.09792508408063,1.21087004076111
"16",17,1.04264945038294,1.23464026502037
"17",18,0.98547933919802,1.24029357000331
"18",19,1.04875670477915,1.29191133341712
"19",20,1.05033078594039,1.27732475697635
