"","time","MRA","LR"
"1",2,0.987226447502239,0.992831980581351
"2",3,0.987391849442186,1.02951554606988
"3",4,1.00089864061919,1.13861089704707
"4",5,1.0225889067629,1.14772227759727
"5",6,1.06223804900006,1.27716718563279
"6",7,1.04535496629041,1.21383643845838
"7",8,1.06691092655886,1.21778319138607
"8",9,1.04471206473286,1.16004863418403
"9",10,1.01090760490707,1.2044407176876
"10",11,1.03145167834432,1.26391786363516
"11",12,1.05482168386129,1.20967858100015
"12",13,1.07204626449641,1.21020295644192
"13",14,1.02638280525392,1.19212564552141
"14",15,1.044523738793,1.17456957739925
"15",16,1.01468891831192,1.21063578472831
"16",17,1.04332999466916,1.31136355045334
"17",18,1.03066485534586,1.27165678622756
"18",19,1.10335492596716,1.24326009442929
"19",20,1.0715536833272,1.17185587225126
