"","time","MRA","LR"
"1",2,1.00284034930649,1.05683206647372
"2",3,1.02632416337891,1.07485039101152
"3",4,1.03322043762496,1.10133990813706
"4",5,1.02380799133409,1.15263376135066
"5",6,1.02969113573549,1.20673841509854
"6",7,1.07881203028407,1.26413089871756
"7",8,1.02651573874404,1.1977858763886
"8",9,1.06943869917335,1.22121305363017
"9",10,1.04731204595499,1.29903675895191
"10",11,1.03191478320176,1.2899950727928
"11",12,1.02317615095747,1.23494041355756
"12",13,1.05673079606175,1.21056268767415
"13",14,1.05875724787663,1.22962032756023
"14",15,1.0416316240911,1.18638485198214
"15",16,1.05166918406725,1.16524594449012
"16",17,1.04553783847743,1.17595837061217
"17",18,1.05277248138091,1.26513684959339
"18",19,1.01797551906233,1.21053473447715
"19",20,1.04032344268292,1.20373992687918
