"","time","MRA","LR"
"1",2,0.999393357418487,1.04178831960934
"2",3,0.972684292231933,1.01780061580944
"3",4,1.01700636059661,1.08072269915595
"4",5,1.0141949004954,1.16668221245297
"5",6,1.06249788437074,1.15635624508458
"6",7,1.02222204434949,1.2249147390379
"7",8,1.03977446679142,1.21888112925969
"8",9,1.02403240639519,1.12289594857786
"9",10,1.05699601020499,1.21109252282583
"10",11,1.09841105578073,1.37987499635625
"11",12,1.01322483784907,1.1457569025439
"12",13,1.05290397634637,1.1506906141362
"13",14,1.0459608299474,1.19562460539971
"14",15,1.05824039244453,1.25239675359924
"15",16,1.03516868296469,1.22087338736551
"16",17,1.03696786036881,1.24468935362002
"17",18,1.02067498513017,1.19731967281963
"18",19,1.01591657686396,1.20329347499248
"19",20,1.05916446639595,1.22271743197413
