"","time","MRA","LR"
"1",2,1.04652546096522,1.08112465866806
"2",3,1.04636824113739,1.12811399423826
"3",4,1.00312663634016,1.07897451214276
"4",5,1.01153646034061,1.06304495167297
"5",6,1.03382124589848,1.14929348567295
"6",7,1.04197360833135,1.07617171996396
"7",8,1.04344199979892,1.11717700017783
"8",9,1.05602797829569,1.11104186308001
"9",10,1.00588024949672,1.12689266543858
"10",11,1.03510797588095,1.1077493483588
"11",12,1.08831002833466,1.2509812423901
"12",13,1.01564424747191,1.14438142780787
"13",14,1.02734048629724,1.26234164018098
"14",15,1.05205273689398,1.34236791698768
"15",16,1.06383634800033,1.28515745523296
"16",17,1.07230916261552,1.27514978699691
"17",18,1.02553915137806,1.28847063329348
"18",19,1.02381610700823,1.27235139794043
"19",20,1.02662864948573,1.15769475729782
