"","time","MRA","LR"
"1",2,1.01163181373591,1.04197292425859
"2",3,1.01356521333573,1.14695965002265
"3",4,1.03605787419912,1.09779610250805
"4",5,1.0117504055894,1.13444617641882
"5",6,1.01598510242415,1.06475470216526
"6",7,1.02500788999612,1.11410825047799
"7",8,1.06959688669363,1.21549807331997
"8",9,1.06653779522143,1.17854867656375
"9",10,1.06645599434872,1.30249260957378
"10",11,1.03943924009243,1.2239994118184
"11",12,1.03053666950012,1.24155086976987
"12",13,1.03427427578469,1.26116654907508
"13",14,1.03373515448262,1.36913767810639
"14",15,1.02139321140096,1.32289626497421
"15",16,1.02717046843633,1.26467585616064
"16",17,1.07576066158154,1.41897564582784
"17",18,1.0196548148154,1.33339040666294
"18",19,1.02294371295132,1.27999548736384
"19",20,1.04355002770624,1.36831658404134
