"","time","MRA","LR"
"1",2,0.962036605376123,0.993636249603012
"2",3,0.970604986685484,1.05620014587057
"3",4,0.992092904970928,1.00607301742535
"4",5,1.03573980221851,1.07637452633204
"5",6,1.03011039367721,1.10315239387505
"6",7,1.02100147754033,1.17395282697612
"7",8,1.03207595927518,1.18778212161565
"8",9,1.00478485903253,1.18386638658744
"9",10,1.01296114124565,1.17657940100714
"10",11,1.03053631467297,1.27696679894463
"11",12,1.01109608503689,1.20071616267854
"12",13,1.01496745572018,1.20954342455348
"13",14,1.01129040983778,1.15267288318855
"14",15,1.0281693026396,1.24741892511596
"15",16,1.02579796933121,1.1331919552371
"16",17,1.00161745586928,1.17570201970917
"17",18,1.00386016020661,1.1232570774455
"18",19,1.02071737796428,1.18301471235022
"19",20,1.06054109604737,1.20301878785841
