"","time","MRA","LR"
"1",2,0.976979829745051,0.990861063121538
"2",3,1.03501350874349,1.07161318777084
"3",4,1.0196486846909,1.07670423723778
"4",5,1.01985660555666,1.0814179658912
"5",6,1.03190456258295,1.10164600864598
"6",7,1.03078671288548,1.18886963953773
"7",8,1.00446881074946,1.11716083587574
"8",9,0.988171823764811,1.19735792385522
"9",10,0.999323222647111,1.23181823193189
"10",11,1.07548052277261,1.28719955921365
"11",12,1.07386895126888,1.34483192322627
"12",13,1.05167465519364,1.28681104400078
"13",14,1.05566003807123,1.37126210278856
"14",15,1.01911725281659,1.27393116738437
"15",16,1.04172365977274,1.37550032778692
"16",17,1.03458806661921,1.36112195168009
"17",18,1.07043258540505,1.42673112563024
"18",19,1.05690574591754,1.37299022410978
"19",20,1.01466245303192,1.30870215647811
