"","time","MRA","LR"
"1",2,1.03160019449827,1.10333798087629
"2",3,1.03072172535576,1.06408136818731
"3",4,1.01133645568275,1.08830459112373
"4",5,1.0550535007074,1.10963489141582
"5",6,1.03849491478003,1.08717327663846
"6",7,1.04511747033301,1.17158604637242
"7",8,1.04846615557976,1.12788848098479
"8",9,1.0522790285603,1.24003584811378
"9",10,1.04310816557087,1.24550242614184
"10",11,1.05804071293501,1.1802695125952
"11",12,1.05823462333644,1.24561216311194
"12",13,1.0597661072431,1.33144965228459
"13",14,1.03226801724163,1.22966071725459
"14",15,1.01267724561641,1.19377663590773
"15",16,1.0564087192721,1.35774292592313
"16",17,1.01575721014284,1.2658708644124
"17",18,1.05054705909235,1.24369556275366
"18",19,1.00458449685462,1.33134017057984
"19",20,1.03217111864257,1.24369575417601
