"","time","MRA","LR"
"1",2,0.948462677990984,0.99442618173658
"2",3,1.02800758802438,1.10542121489372
"3",4,1.05877015504661,1.19047784135865
"4",5,1.05850356733454,1.30706525504685
"5",6,1.03458714129681,1.19971758881679
"6",7,1.03283917671638,1.25453110517733
"7",8,1.0185379783446,1.22443501747987
"8",9,1.00608850021463,1.27287778465986
"9",10,1.0190268961486,1.1671317269009
"10",11,1.04941815466866,1.34648957153058
"11",12,1.04732061933815,1.31184878043257
"12",13,1.01423249730362,1.21657892499424
"13",14,1.098000155356,1.29939085421164
"14",15,1.14416232058164,1.24388215487259
"15",16,1.07082585119793,1.25201750516952
"16",17,1.06927768897785,1.20607838390185
"17",18,1.0507184815961,1.27678854747146
"18",19,1.03220805768342,1.21243320479867
"19",20,1.01183293275489,1.17979627836744
