"","time","MRA","LR"
"1",2,0.95742811358027,0.987488221104974
"2",3,1.00333930052189,1.02800097272083
"3",4,0.991656440723406,1.03912709154206
"4",5,1.04967180442382,1.11590683771053
"5",6,1.00968414335045,1.07136430734125
"6",7,0.994448748223727,1.1276137108164
"7",8,1.04095913190469,1.16733969642714
"8",9,1.05361955381885,1.21332466311457
"9",10,1.04292039575851,1.21813555796532
"10",11,1.03779476786137,1.16654448469717
"11",12,1.03325730578088,1.30279515285681
"12",13,1.02615902716957,1.23113733826868
"13",14,1.03143994646346,1.26160250116311
"14",15,1.04225884979604,1.26078171688344
"15",16,1.01221058986963,1.17593024193061
"16",17,1.04274950179345,1.27645919014398
"17",18,1.04190296000853,1.27565710781816
"18",19,1.05613575290308,1.1834711273769
"19",20,1.05402053884499,1.18443747158018
