"","time","MRA","LR"
"1",2,0.985625385843564,0.970399026512829
"2",3,1.04183224218017,1.07048752211716
"3",4,1.03127350225687,1.0780547967877
"4",5,1.0368013194196,1.13797296294292
"5",6,1.04293351260045,1.17693273069995
"6",7,1.02317507640182,1.20153269495524
"7",8,1.01893856390223,1.16563864407086
"8",9,1.02355054381785,1.2004494881872
"9",10,1.02076667618461,1.22662298708542
"10",11,1.01370295735715,1.20434142943261
"11",12,1.04140404397957,1.19689364448672
"12",13,1.06411092322862,1.21006893941824
"13",14,1.05855223844472,1.20988139752407
"14",15,1.04277817746322,1.25032562569803
"15",16,1.03039448076796,1.20249083321344
"16",17,1.05665361523187,1.27280746681231
"17",18,1.03840391694388,1.34756966052576
"18",19,1.04880902813152,1.25712014195022
"19",20,1.07791099991065,1.3099281506364
