"","time","MRA","LR"
"1",2,0.996392215562757,1.06061227016208
"2",3,0.9948048914017,0.979074025217323
"3",4,1.00868117325151,1.07922004465521
"4",5,1.02986406494961,1.12804790655782
"5",6,1.03714772786558,1.20451729149621
"6",7,1.02371668363825,1.12419330921665
"7",8,1.09678300398357,1.33095282073411
"8",9,0.999871222088729,1.2318671031661
"9",10,1.03522370951413,1.21192609886481
"10",11,1.03917399447975,1.17508047420315
"11",12,1.01762703995996,1.13197781533183
"12",13,1.04233261332914,1.13058802987454
"13",14,1.05593860964063,1.20395475626025
"14",15,1.02549842001781,1.1882957163342
"15",16,1.01986133571293,1.21809354748336
"16",17,1.02696205633831,1.20692103705611
"17",18,1.03194577439794,1.2348101088071
"18",19,1.03568917767052,1.23300549326198
"19",20,0.999972884980546,1.1980501554527
