"","time","MRA","LR"
"1",2,0.930688022877777,0.935640308719711
"2",3,1.00789941634287,1.04403718057264
"3",4,1.03258082104045,1.1188855581741
"4",5,1.03091560298471,1.07239198036209
"5",6,1.03316540785956,1.10478162012065
"6",7,1.03970502356272,1.11291911096329
"7",8,1.03594953670263,1.18818202443554
"8",9,1.01864215695066,1.17325018749706
"9",10,1.05757063377949,1.22305032792662
"10",11,1.03661400810573,1.14245951110773
"11",12,1.02648199137177,1.20192631709469
"12",13,1.02743865428536,1.25714456068253
"13",14,1.01912513334331,1.26052780551265
"14",15,1.0328128146919,1.23541798236506
"15",16,1.02509618636331,1.22723555536937
"16",17,1.01664719038821,1.30061161284637
"17",18,1.01635453767339,1.16589167088606
"18",19,1.04285039191826,1.23056485936543
"19",20,1.00994203920862,1.25884186209039
