"","time","MRA","LR"
"1",2,0.985304423710487,0.974393861592969
"2",3,1.05048582586771,1.08374065219905
"3",4,0.988213060028471,1.12948636066335
"4",5,1.01777286731201,1.12533370634039
"5",6,1.02913800561665,1.22317818982132
"6",7,1.08413585337229,1.27395490364625
"7",8,1.0426624702523,1.23658849363079
"8",9,1.0412378590596,1.2113152824018
"9",10,1.00945211543688,1.23191769405012
"10",11,1.06972420989349,1.35116384320893
"11",12,1.01792810630876,1.3381595839744
"12",13,1.02726070196895,1.26911597196017
"13",14,0.995637082332821,1.2815724468627
"14",15,0.99169576967352,1.22447550240488
"15",16,1.0530443216787,1.32276911079893
"16",17,1.03241926841621,1.36815680578628
"17",18,1.01728366973319,1.25863630131311
"18",19,1.05170611297505,1.36968033031018
"19",20,1.05355460936244,1.34357333359601
