"","time","MRA","LR"
"1",2,1.03280611862159,1.05913017769705
"2",3,1.00680622631952,1.03297147788997
"3",4,0.993735281309582,1.1663519062953
"4",5,1.01973971489266,1.1720159026917
"5",6,1.03196202845434,1.19041402129937
"6",7,1.05803733795684,1.22643247848786
"7",8,1.07406471479812,1.21574871518343
"8",9,1.07887393254201,1.15208662541189
"9",10,1.10345202656484,1.22614070948409
"10",11,1.08686781584679,1.31055801689471
"11",12,1.0726494756764,1.29593376369163
"12",13,1.10372220224733,1.28186789115492
"13",14,1.07529849255442,1.26616077367148
"14",15,1.052229973356,1.15410717556462
"15",16,1.05673708915235,1.27257023734316
"16",17,1.04005015891149,1.2258025567113
"17",18,1.07008054057379,1.22588285445019
"18",19,1.06711231814688,1.22850429405213
"19",20,1.06068286608675,1.17087272005649
