"","time","MRA","LR"
"1",2,1.00797134399428,1.08611965435847
"2",3,0.995364391665969,1.03369907790391
"3",4,1.02050079020663,1.08843076208066
"4",5,1.018980283118,1.05474607864142
"5",6,1.01787944465205,1.18914133376072
"6",7,1.0132527191943,1.21477030835918
"7",8,1.02061893542553,1.15617843752017
"8",9,1.05051635257729,1.18985664302984
"9",10,1.06352422085824,1.20507798052322
"10",11,1.01961930162699,1.20541886945752
"11",12,1.08416578235831,1.26971401114452
"12",13,1.03859272678713,1.25136894262356
"13",14,1.05204561761756,1.25529873918952
"14",15,1.03699601049952,1.233117054662
"15",16,1.00990586833572,1.23367452564843
"16",17,1.02368250761201,1.23268972215059
"17",18,1.0148422307226,1.21944732586997
"18",19,1.03556841852472,1.29297512605295
"19",20,1.01224511820178,1.19779982459844
