"","time","MRA","LR"
"1",2,0.944641526399992,0.984667161719301
"2",3,0.977471487569657,1.03523707494716
"3",4,1.0305262905247,1.10159448427446
"4",5,1.0052081979397,1.112439052858
"5",6,1.01627005723897,1.16651967051423
"6",7,1.00849795701446,1.16575368940234
"7",8,1.02866081984842,1.13271545794015
"8",9,1.09206113368796,1.23313585744115
"9",10,1.06087798363026,1.20430089325835
"10",11,1.03050663547827,1.24091162956125
"11",12,1.05174111224084,1.29236046353854
"12",13,1.01847839277493,1.26774119090627
"13",14,1.01577171784455,1.31542399134711
"14",15,1.02470644389585,1.25084787242491
"15",16,1.07067468186216,1.21013374611124
"16",17,1.04754047769163,1.20497978667468
"17",18,1.01390638868928,1.17668839344967
"18",19,1.04597719104282,1.29875360522776
"19",20,1.0545335634107,1.29312210685039
