"","time","MRA","LR"
"1",2,1.01967535580888,1.06009312941237
"2",3,1.02809557525413,1.1210073527741
"3",4,1.02589217331104,1.05156517822568
"4",5,0.994760906768757,1.01551463116114
"5",6,1.00172448471054,1.02696394596149
"6",7,0.991117860212385,1.06559359198397
"7",8,1.01760798532786,1.08854670089197
"8",9,1.04233855426031,1.20053971648643
"9",10,1.02741887286124,1.10036124818727
"10",11,1.06391446167141,1.22523894888475
"11",12,1.04364094598292,1.20671172840098
"12",13,1.06334965445235,1.30892085886753
"13",14,1.0467829879011,1.24070375945713
"14",15,1.01303969950708,1.21417353201436
"15",16,1.02467821775395,1.2229945185305
"16",17,1.06733264128032,1.31930160601866
"17",18,1.05375204681587,1.30782059560998
"18",19,1.04887497999691,1.26538800334513
"19",20,1.02759435875648,1.37423271329557
