"","time","MRA","LR"
"1",2,0.991148391823479,1.04803141342099
"2",3,1.02936649338307,1.09030507015629
"3",4,1.02214722954809,1.09493856811297
"4",5,1.05363043771899,1.2433881021301
"5",6,0.975510625585828,1.1540252851955
"6",7,1.00960248653716,1.19660367810576
"7",8,1.04385891932795,1.29006318130209
"8",9,1.03233965252084,1.38186139425352
"9",10,1.03120671353305,1.31504961369624
"10",11,1.0550726284486,1.32915851004681
"11",12,1.01517580918105,1.28633136705373
"12",13,1.03586509405055,1.27874584700615
"13",14,1.04225328671404,1.219515087509
"14",15,1.06510829369295,1.21451679401376
"15",16,1.06044779592965,1.30156794162074
"16",17,1.05828960766185,1.37191131326879
"17",18,1.0460645586202,1.31137258467197
"18",19,1.04350146782843,1.35407453603659
"19",20,1.03476922001504,1.37008975305249
