"","time","MRA","LR"
"1",2,1.02323915205129,1.00904123956798
"2",3,1.00852090889014,1.1241076548641
"3",4,1.01775526228817,1.06506601203455
"4",5,1.04052887093351,1.04809360456239
"5",6,1.04704872273447,1.22923049487741
"6",7,1.02812028471746,1.2368302731473
"7",8,1.0510474249809,1.23825852405307
"8",9,1.02980440888841,1.28645568108016
"9",10,1.01996360986644,1.26014607260963
"10",11,1.04385738534969,1.15758094265239
"11",12,1.05603487312375,1.25415213494583
"12",13,1.04019101021732,1.30757452095122
"13",14,1.02360325759604,1.22205673815252
"14",15,1.02414037196457,1.28753203318609
"15",16,1.07573985462068,1.25970848627512
"16",17,1.04659740579892,1.33717456528285
"17",18,1.01304199226528,1.2107056557055
"18",19,0.996655066820459,1.15184610058031
"19",20,0.979621262519203,1.03278325447013
