"","time","MRA","LR"
"1",2,0.975159744076462,1.07794907879152
"2",3,1.03740035142691,1.06318961190374
"3",4,1.02608264733668,1.15890729087359
"4",5,0.973610637093806,1.09673645311755
"5",6,1.01084054223231,1.18179315007269
"6",7,1.03469359805572,1.19621581097741
"7",8,1.03116411912629,1.23196135272493
"8",9,1.04277215844454,1.28918278066134
"9",10,1.05768919626865,1.23702745524332
"10",11,1.07024652769751,1.26916867768315
"11",12,1.01819442412298,1.17603602929035
"12",13,1.0343434161739,1.23913974721602
"13",14,1.0560323820749,1.18844410294223
"14",15,1.05909779840003,1.23062170214134
"15",16,1.07292006651059,1.23687219841733
"16",17,1.02368656242031,1.17829637829643
"17",18,1.07552021597637,1.18884466745884
"18",19,1.06620249244552,1.26278825107222
"19",20,1.02130463768248,1.16853874358041
