"","time","MRA","LR"
"1",1,0,0
"2",2,140.726242177178,479.392885346843
"3",3,95.0035392473883,597.895433066358
"4",4,67.4457002108144,662.070436617118
"5",5,116.497838863049,751.490698789571
"6",6,129.417577757362,968.801186180407
"7",7,154.615817611629,999.459339726571
"8",8,159.814902475671,1139.05724751114
"9",9,177.821848750353,1369.84748611315
"10",10,158.564588642806,1093.42694677426
"11",11,129.04324601748,1179.92602565415
"12",12,133.663111477558,1209.12660449246
"13",13,137.646743075741,1308.08732144075
"14",14,149.040754547941,1342.75234078025
"15",15,188.109854025739,1493.11168474244
"16",16,184.418412729163,1539.62881759189
"17",17,174.07414153352,1574.70955937651
"18",18,151.292847556849,1494.42671724738
"19",19,171.067004456167,1517.72480706223
"20",20,181.451147941594,1562.42855667553
