"","time","MRA","LR"
"1",1,0,0
"2",2,126.038903108264,451.736350594779
"3",3,102.774062279096,541.879787193182
"4",4,119.849191945042,690.195947257355
"5",5,129.28972535722,874.794635939463
"6",6,120.648868300529,1041.37450949215
"7",7,110.941047166191,1106.78249975404
"8",8,145.153826608351,1141.40379289975
"9",9,147.531828195902,1163.73870527138
"10",10,166.860488636032,1254.59570779287
"11",11,153.09703317795,1400.31082051743
"12",12,123.614290792793,1302.77536963849
"13",13,163.899818184096,1194.11749715678
"14",14,163.847700312592,1146.93388834352
"15",15,164.907990499208,1080.77627599908
"16",16,138.313460156953,1329.82128584072
"17",17,153.400362267258,1484.83979262744
"18",18,155.370535989108,1438.3444465422
"19",19,156.226576675396,1580.81533324245
"20",20,156.652737867665,1663.72826244345
