"","time","MRA","LR"
"1",1,0,0
"2",2,114.749391183524,492.020869612581
"3",3,78.255361734457,564.585639699559
"4",4,80.4288052481189,553.136228126266
"5",5,126.854287366444,787.140664138548
"6",6,136.72864877232,842.350100158698
"7",7,129.837270125297,947.79942371932
"8",8,145.969075221549,993.799935009602
"9",9,146.881279041826,1100.7722849272
"10",10,130.027859486576,1209.81411146523
"11",11,134.94733516488,1304.29280595473
"12",12,170.448038022304,1536.71726108738
"13",13,179.464083822325,1514.72550563134
"14",14,145.739881469152,1540.30445681581
"15",15,127.321357791208,1482.4316810303
"16",16,154.420238150081,1518.07198192239
"17",17,173.545170368487,1524.78010596197
"18",18,175.976890721211,1467.87227908804
"19",19,151.739582468392,1291.57630916058
"20",20,141.220266889499,1171.64835680682
