"","time","MRA","LR"
"1",1,0,0
"2",2,134.79573700249,429.212162130496
"3",3,89.4764697739014,549.616250115831
"4",4,68.6853243979601,658.716115420369
"5",5,100.440226127139,907.376781283198
"6",6,116.354223819094,899.043945559141
"7",7,136.18190742631,965.727992276456
"8",8,134.831343214991,1011.47179368581
"9",9,122.371650799519,1072.576132964
"10",10,140.756684360673,992.897945633612
"11",11,141.337989086787,858.190454905181
"12",12,148.033110428867,926.719531151856
"13",13,147.182167485785,1067.31067636834
"14",14,126.995646251613,1159.61256841593
"15",15,127.068732252863,1182.15538046022
"16",16,159.563926060429,1363.12348637435
"17",17,128.895112116468,1208.74526998233
"18",18,131.408002154376,1549.44454960732
"19",19,152.005890032154,1512.4067227978
"20",20,137.349879231785,1326.88477714601
