"","time","MRA","LR"
"1",1,0,0
"2",2,140.733787290238,466.518088584186
"3",3,93.6613600236534,546.502480651964
"4",4,96.7986309631618,650.53745653531
"5",5,110.718989142706,826.109432016621
"6",6,88.3596135361392,750.076869935722
"7",7,94.758622953826,831.904962112238
"8",8,128.215145796087,854.086455688792
"9",9,135.184205945889,1018.86343554712
"10",10,172.311395780556,1267.89964730251
"11",11,127.974452341149,1146.74060829945
"12",12,152.783315148966,1232.1432557757
"13",13,160.646213437553,1343.36298017374
"14",14,171.715925589359,1288.30744414585
"15",15,190.19231450097,1287.46267529642
"16",16,168.756090209779,1306.88642900626
"17",17,174.414350673714,1437.71534490659
"18",18,200.061548781058,1651.03114430195
"19",19,198.965725863295,1534.91683319633
"20",20,168.633074779324,1470.70809537188
