"","time","MRA","LR"
"1",1,0,0
"2",2,127.051335694584,479.935128194547
"3",3,92.1822944615956,489.673983503666
"4",4,81.2726943238775,593.511802942992
"5",5,118.758550060041,832.850544177378
"6",6,144.939975620102,955.69896744346
"7",7,175.112654941224,992.415266623956
"8",8,157.969240309022,942.576450288634
"9",9,147.701491646639,1079.6222506283
"10",10,162.449113148155,1009.44545743607
"11",11,166.581609775122,1168.0700318217
"12",12,152.547759740363,1165.42271361955
"13",13,122.837643940952,1098.0808847636
"14",14,119.184470927492,930.015084213565
"15",15,143.03324635168,944.440982563277
"16",16,155.393806922685,1153.04413239488
"17",17,141.983663495531,1198.62008729167
"18",18,144.982516474955,1277.8944355631
"19",19,170.553759359814,1262.22505310373
"20",20,184.576445939482,1326.75906872455
