"","time","MRA","LR"
"1",1,0,0
"2",2,143.376183017379,486.940688810943
"3",3,82.6213337793465,548.343668316349
"4",4,67.6183121221974,603.664490669029
"5",5,95.0549605218608,724.749988729224
"6",6,117.623527595857,1009.27850823552
"7",7,130.34573909258,1008.38323832051
"8",8,131.998890988955,1036.40118989585
"9",9,138.655935310804,1101.36334986516
"10",10,174.382799947245,1382.16141581213
"11",11,151.028783950468,1432.13818271678
"12",12,158.181042783937,1520.16716409874
"13",13,194.110300494231,1720.37455035738
"14",14,158.879512533261,1749.08141457267
"15",15,174.435491568769,1816.54269658071
"16",16,173.367461413035,1988.17550143453
"17",17,165.070504707009,1830.028936175
"18",18,146.820793815575,1620.83080326182
"19",19,152.475673632538,1565.69479825446
"20",20,143.761964291371,1533.1671018601
