"","time","MRA","LR"
"1",1,0,0
"2",2,120.519016597607,436.25918244837
"3",3,83.2708727213552,453.97704828168
"4",4,81.8873235085737,567.639101879568
"5",5,117.376898140008,755.676413900582
"6",6,117.49405056402,715.815932829623
"7",7,105.970060898587,872.87349708543
"8",8,109.598399085387,860.783820348204
"9",9,136.946365021684,853.765482416435
"10",10,140.701500549436,824.266637183063
"11",11,133.956845898796,898.741571148013
"12",12,107.114921534877,987.013544296898
"13",13,172.563070421576,981.115246305006
"14",14,178.128431262829,982.966445922609
"15",15,173.458321005546,995.662328870761
"16",16,176.043187605183,1091.67160109328
"17",17,177.397423990734,1109.06444677176
"18",18,189.05765685911,1281.41631210904
"19",19,171.917469504128,1258.05988294529
"20",20,185.47124576588,1357.42394637054
