"","time","MRA","LR"
"1",1,0,0
"2",2,122.525512735015,472.601744855893
"3",3,83.1007124722713,520.426129723645
"4",4,91.9550683680142,609.575736600716
"5",5,108.321108277635,736.691351175277
"6",6,112.78462481157,742.329921804258
"7",7,132.379989163329,901.243597813539
"8",8,140.277178584069,1122.75527051105
"9",9,145.945669452993,1136.51891267623
"10",10,165.086763890845,956.810379267705
"11",11,162.735479525757,979.511315676434
"12",12,188.707124729184,1012.48405340252
"13",13,173.485293849464,1107.18333874797
"14",14,144.065489770289,1084.78350694342
"15",15,171.798524756723,1259.5642456046
"16",16,171.392225293612,1496.43826198013
"17",17,181.72484720187,1798.28241881101
"18",18,186.588713700403,1471.38020728253
"19",19,191.997441482179,1612.92967105689
"20",20,141.164468531603,1632.10190332599
