"","time","MRA","LR"
"1",1,0,0
"2",2,129.925102726638,455.542935847181
"3",3,64.0125477313666,517.42732364994
"4",4,87.5472506441447,575.415034064184
"5",5,103.560779433604,716.345968692591
"6",6,99.5676825894179,769.697630316783
"7",7,103.841278323088,721.159821538679
"8",8,133.820941409885,890.267739479609
"9",9,131.614821323467,924.020358057188
"10",10,113.636057683652,873.166867837271
"11",11,134.603035609352,994.648504969014
"12",12,132.145468027322,1067.21325307523
"13",13,150.980394328418,1150.72563547287
"14",14,154.043654363463,1235.61180222945
"15",15,159.364164333066,1176.77473139118
"16",16,162.150305167391,1162.47543654218
"17",17,168.933530230535,1198.66610810082
"18",18,185.403106564259,1315.38761730107
"19",19,151.795554212254,1229.53206437805
"20",20,153.773479285178,1070.23836379355
