"","time","MRA","LR"
"1",1,0,0
"2",2,134.155123065186,455.342818016718
"3",3,76.2176164196526,511.018684263039
"4",4,94.0165018317032,580.223815230894
"5",5,76.4568065236562,542.929617355574
"6",6,78.8826038439422,637.216693336287
"7",7,126.312456819156,813.300997933403
"8",8,125.325393600747,791.087920455097
"9",9,139.488639815627,870.292637404552
"10",10,138.159699277365,851.846185044035
"11",11,144.249713449933,913.268340564309
"12",12,157.541236638651,946.942084763675
"13",13,143.609447018971,967.075371708559
"14",14,171.215150036569,1109.34059240147
"15",15,168.532690396131,1239.42293933042
"16",16,171.241966782184,1132.6554313328
"17",17,186.543898102074,1294.00839472852
"18",18,181.315504214113,1356.82271723604
"19",19,189.814306219878,1523.01289188789
"20",20,185.416219332337,1522.70499890076
