"","time","MRA","LR"
"1",1,0,0
"2",2,127.7350606853,477.94104906742
"3",3,96.5678778727006,489.625611088993
"4",4,94.2357238270354,631.296033979701
"5",5,105.902951790977,862.028215425064
"6",6,107.583083004529,971.717055311299
"7",7,152.005530391807,1114.07940609533
"8",8,163.171746603832,1117.13956210259
"9",9,138.967110444079,1192.89013075424
"10",10,144.004390079598,1051.58755034669
"11",11,145.78148794447,1122.80846091841
"12",12,161.847841199732,1159.57400087879
"13",13,167.831220919969,1044.41654653929
"14",14,162.279740141403,1163.48861397333
"15",15,172.824195035967,1187.11130271837
"16",16,155.780857521783,1285.75709073566
"17",17,158.869734900697,1357.62636265199
"18",18,166.800471111299,1296.18867908847
"19",19,178.770219051775,1526.84880607913
"20",20,162.973340627188,1706.75690923184
