"","time","MRA","LR"
"1",1,0,0
"2",2,130.996163464463,462.516012665762
"3",3,73.7399750868285,560.481166791716
"4",4,81.8190382271516,695.258269805721
"5",5,96.7118072170514,656.82845209479
"6",6,109.138941584677,768.431298927492
"7",7,138.931898961489,939.687277116736
"8",8,146.708965984203,1045.41111912787
"9",9,146.171634560386,1106.17052730095
"10",10,155.039079569003,1369.89826188494
"11",11,141.518315764465,1401.4945523961
"12",12,157.12374397752,1490.91397773412
"13",13,170.630325835982,1542.84090576409
"14",14,150.192425396366,1593.22640276367
"15",15,131.687088655124,1605.92975411546
"16",16,158.134656563255,1598.8725009903
"17",17,174.198276332481,1496.85189969569
"18",18,166.957269318848,1458.0421472035
"19",19,146.678453369982,1280.4588067351
"20",20,174.881946206439,1241.73872059099
