"","time","MRA","LR"
"1",1,0,0
"2",2,134.460493183575,479.979355276674
"3",3,65.8987298976161,571.266264085472
"4",4,57.7164762385521,610.495701680915
"5",5,98.7429896608571,742.634416982878
"6",6,96.4467865595207,858.944151329583
"7",7,137.110233665112,957.504964422916
"8",8,154.496445811207,1122.28042055988
"9",9,149.298457152435,1185.46199337524
"10",10,161.25473718702,1196.37407395304
"11",11,161.183771214836,1160.06265869783
"12",12,174.314459053321,1193.99931800785
"13",13,191.242790165141,1272.78238025266
"14",14,173.612777010082,1167.29062813329
"15",15,192.74481710606,1347.29166759788
"16",16,174.714352792707,1337.04496904577
"17",17,190.717508589205,1324.29183402471
"18",18,164.050308486139,1402.4590112957
"19",19,180.617351522636,1471.40717907615
"20",20,178.503064481585,1339.09525016189
