"","time","MRA","LR"
"1",1,0,0
"2",2,142.33606641796,474.568141149357
"3",3,92.412701639064,541.789287391799
"4",4,104.15189265394,639.705533069187
"5",5,118.776380278381,685.434523256439
"6",6,117.227642505965,733.318722285797
"7",7,120.94580465055,751.500353967176
"8",8,132.096487528154,883.743319129231
"9",9,126.096027070409,1023.52573451927
"10",10,143.436422643887,1321.92909228624
"11",11,147.48164376142,1332.20005901871
"12",12,160.023757841647,1412.72004819238
"13",13,144.625902496239,1291.13618161278
"14",14,139.607937315417,1451.13023772436
"15",15,174.172785533287,1432.27281186985
"16",16,171.278549945187,1418.18577419703
"17",17,173.70160109246,1459.61066263276
"18",18,185.387599088624,1423.60453373312
"19",19,167.937421451589,1562.62332994638
"20",20,178.826868581782,1544.87728392569
