"","time","MRA","LR"
"1",1,0,0
"2",2,147.071084958418,463.911207565733
"3",3,84.7375209292763,541.723512991336
"4",4,89.838104930123,723.163931778926
"5",5,102.116454379492,760.796008480314
"6",6,133.281820214478,924.374389411624
"7",7,133.466650717752,874.752416573239
"8",8,137.342094693616,947.292094724924
"9",9,134.432330120755,984.429481463934
"10",10,117.453336311754,887.26787908368
"11",11,114.226184956752,948.654934633798
"12",12,145.168200352514,907.24278161976
"13",13,168.530508359264,918.261856491288
"14",14,153.744388293517,975.602499772253
"15",15,151.318495914738,1004.42436961751
"16",16,159.876837703944,1112.76216189698
"17",17,161.774741803722,991.18037688057
"18",18,174.892661032069,807.116342294077
"19",19,164.52543372673,1049.86275244669
"20",20,147.253065137281,1096.68287246029
