"","time","MRA","LR"
"1",1,0,0
"2",2,147.14174987688,557.306818940467
"3",3,93.6143348692042,574.928318251923
"4",4,86.6043804536318,554.874354986912
"5",5,102.455282436123,765.119877307073
"6",6,125.602116298059,871.401882578973
"7",7,132.590452765258,1001.99982797695
"8",8,150.803143613596,1066.08869622928
"9",9,147.846103942459,1189.70832992322
"10",10,159.340441876471,1197.72810880466
"11",11,179.784979964437,1236.12580109572
"12",12,156.306615270075,1240.21912571705
"13",13,153.245016174021,1321.02683246647
"14",14,148.502125066062,1272.51020981334
"15",15,143.818649467753,1278.19353706152
"16",16,153.450326487131,1134.55903127431
"17",17,143.041432607907,1130.39809883349
"18",18,138.202367599327,1084.11340626574
"19",19,176.464473384417,1234.58353791144
"20",20,171.214485663421,1146.14773953821
