"","time","MRA","LR"
"1",1,0,0
"2",2,118.592255689159,447.396537239857
"3",3,68.2786363195469,505.884473024736
"4",4,81.6018204269436,691.918813495014
"5",5,114.206088344111,920.890043388363
"6",6,124.45614268796,909.365102212025
"7",7,131.429382994693,863.733083180145
"8",8,112.263613408148,1074.47787221131
"9",9,125.403831379036,906.600068727723
"10",10,158.443455758696,971.82967964324
"11",11,161.08212953213,988.293481897468
"12",12,141.369310150045,1063.92911433772
"13",13,162.561044289477,1117.48341757641
"14",14,182.663527430436,1244.37418419946
"15",15,186.837685132083,1333.81375342331
"16",16,180.789143766497,1469.5030704747
"17",17,169.412881289145,1781.15227277092
"18",18,173.53218194509,1619.55376702993
"19",19,183.459617856945,1607.53383315203
"20",20,140.893988736656,1358.24476045817
