"","time","MRA","LR"
"1",1,0,0
"2",2,126.637258828336,464.630307367199
"3",3,80.8752989671046,534.211206919931
"4",4,97.2426965258448,653.492406753636
"5",5,113.108564651532,705.989398629383
"6",6,116.780442777577,812.397719279097
"7",7,140.658699782255,856.491133021294
"8",8,122.976753277877,951.47173953351
"9",9,148.854228684733,887.750512969716
"10",10,161.990952001329,1048.49051994451
"11",11,169.114365693142,1211.62117735201
"12",12,155.676674093631,1623.98030881478
"13",13,148.342218205434,1678.86071105342
"14",14,151.520648553313,1752.75783799134
"15",15,142.998779299624,1597.15841096867
"16",16,156.972036752706,1501.98820377059
"17",17,178.520328853639,1639.98144459014
"18",18,193.652331230315,1787.07158336434
"19",19,199.551376763243,1759.58456257923
"20",20,213.139734635615,1588.86091390522
