"","time","MRA","LR"
"1",1,0,0
"2",2,133.809905091831,547.316488233337
"3",3,113.481258487596,605.256845823141
"4",4,131.340343802031,734.139487541776
"5",5,124.570640065697,851.69123606424
"6",6,115.242053950263,837.581601652274
"7",7,122.218025312716,910.057647709879
"8",8,128.314828125069,858.686069277384
"9",9,130.26602894313,916.902595453561
"10",10,148.699632878017,1033.56117639407
"11",11,142.544894604129,1033.75736908871
"12",12,164.50017991413,1151.56447105458
"13",13,167.00903997859,1247.92205088652
"14",14,161.610849449362,1276.33808605882
"15",15,152.028829171654,1330.99256376549
"16",16,195.885669010727,1404.37251059522
"17",17,183.577699806554,1402.65510840821
"18",18,151.632127814646,1377.58627913889
"19",19,163.559960042014,1435.0751667724
"20",20,159.412784331622,1455.6305318422
