"","time","MRA","LR"
"1",1,0,0
"2",2,138.086305559947,487.241540263417
"3",3,93.7853012118353,608.853765113538
"4",4,86.3087693260642,626.118939172944
"5",5,101.574432109786,693.813337990689
"6",6,108.001755215631,646.03308349569
"7",7,115.615214441688,784.004458237208
"8",8,135.918145837372,933.453428951784
"9",9,173.269085170259,1078.83283541337
"10",10,155.003622141624,1264.61334074518
"11",11,180.668975493311,1470.50400921402
"12",12,183.535453114378,1230.81906171468
"13",13,189.517294283485,1171.55213726134
"14",14,177.153018744582,1157.06293358087
"15",15,172.033561011923,1214.64857554755
"16",16,191.566378279803,1324.95033625017
"17",17,220.555930677654,1559.49022899762
"18",18,190.904465799825,1500.12478254063
"19",19,186.053524743293,1633.54982067606
"20",20,170.541677523548,1665.37980798538
