"","time","MRA","LR"
"1",1,0,0
"2",2,130.756214126423,540.217849018621
"3",3,77.8056694090292,635.836470872233
"4",4,91.6909508932039,789.347887965703
"5",5,83.0420228741644,718.044608101818
"6",6,114.703216740523,816.210135748607
"7",7,118.864648625933,678.14266900364
"8",8,134.908202266515,728.738017675444
"9",9,109.962850048119,723.956447928243
"10",10,149.426177818163,1037.68987141233
"11",11,138.12432278293,1015.05783752361
"12",12,140.241041137945,1051.17044632124
"13",13,140.763175334947,983.081967589024
"14",14,133.549529340871,973.801034573224
"15",15,156.878113605346,932.534152377842
"16",16,145.940943642136,969.245780286132
"17",17,147.205261155804,1138.37769745438
"18",18,143.610753621752,1091.84775750235
"19",19,155.652373143613,1106.30637124298
"20",20,141.771174704034,1403.98779317267
