"","time","MRA","LR"
"1",1,0,0
"2",2,143.128707171644,511.927913242897
"3",3,82.9623037994027,593.690488951864
"4",4,93.9975626471673,640.640135911946
"5",5,106.38957310549,744.979964712894
"6",6,104.209981493462,930.674634828345
"7",7,123.707382259915,951.580314705766
"8",8,129.64943050356,906.162732935986
"9",9,122.634218278002,973.332350475874
"10",10,150.147099827463,1095.25813536401
"11",11,146.356793098885,1111.42574922751
"12",12,156.292644768074,1027.91967990158
"13",13,155.058392715371,1146.33909458449
"14",14,150.919518778134,1181.92758905891
"15",15,133.146532649835,1257.12654209723
"16",16,139.310795898783,1456.97731424135
"17",17,134.241509447474,1443.3898505526
"18",18,151.715134485637,1299.67764673526
"19",19,123.643676477962,1115.45777755449
"20",20,117.970655176762,1160.71093119815
