"","time","MRA","LR"
"1",1,0,0
"2",2,134.770462577098,527.44536514543
"3",3,93.5011761728264,684.104988644276
"4",4,91.2022449087829,698.498204618908
"5",5,82.947271458878,727.135182348739
"6",6,96.9221366607361,933.068758124522
"7",7,105.183199627976,1159.24297104642
"8",8,141.429968951827,1200.45406900232
"9",9,154.456832148346,1262.18093021614
"10",10,147.911834821548,1099.88022319105
"11",11,169.168513569738,1208.20024029635
"12",12,161.841945444082,1141.09413156773
"13",13,166.899006955148,1367.94880573591
"14",14,193.056208648398,1428.86039552091
"15",15,191.314220184944,1573.1469122849
"16",16,177.154949167028,1826.69707635917
"17",17,166.283599641875,1785.60382770773
"18",18,151.415007906448,1693.70083053783
"19",19,150.510420926809,1762.17363960219
"20",20,183.350070769928,1900.0663932783
