"","time","MRA","LR"
"1",1,0,0
"2",2,134.314384977229,488.283247129228
"3",3,98.7951319032628,562.371017463792
"4",4,95.1415290019429,679.117131595574
"5",5,111.297383903505,753.270660754654
"6",6,124.747730311538,790.85791506372
"7",7,124.154416541228,804.222988584753
"8",8,140.024822147309,880.011524982554
"9",9,127.98711361508,981.021887435681
"10",10,172.09478793312,1088.22229911563
"11",11,177.285074948221,997.868126803718
"12",12,181.875971212903,993.169762854848
"13",13,183.011402865657,1355.94619174376
"14",14,175.199587250399,1425.73552222781
"15",15,174.890382419806,1357.30746575842
"16",16,159.905510111971,1348.72416611053
"17",17,164.367477070419,1362.11484986917
"18",18,157.701458058855,1343.3337972078
"19",19,168.801339270602,1526.85812578092
"20",20,173.263327055574,1701.36807391777
