"","time","MRA","LR"
"1",1,0,0
"2",2,131.005434346271,508.706647296373
"3",3,80.9554138322767,552.39161674015
"4",4,99.0408151031253,743.067354495746
"5",5,96.284630244203,800.036239169253
"6",6,102.274632037328,843.914475374611
"7",7,92.147097958392,843.671692667313
"8",8,97.5141002462947,821.223178729523
"9",9,119.491526699756,786.325557523845
"10",10,160.225907215714,934.265015050503
"11",11,148.342862020068,918.496555064495
"12",12,139.964413639709,1070.5476185562
"13",13,161.233210101455,1107.34468562201
"14",14,168.966927949655,1199.32442311378
"15",15,123.854178624008,1134.05255410867
"16",16,121.083439028933,1013.23620144652
"17",17,142.132900803775,1093.14505746683
"18",18,157.852171987943,1126.1417970264
"19",19,152.970978377862,1203.16470029138
"20",20,137.326446953334,1316.72157421967
