"","time","MRA","LR"
"1",1,0,0
"2",2,129.424163854794,463.565251562726
"3",3,76.4795091038333,622.349288458437
"4",4,100.710560162117,707.788422683404
"5",5,108.586318787843,797.821545487864
"6",6,102.815418024029,926.338530750857
"7",7,115.067753924168,1001.36782114502
"8",8,114.279356491833,1096.60817793711
"9",9,117.553642331084,1030.80658367253
"10",10,128.027335787697,1021.33691757843
"11",11,154.462134882103,1110.64380967021
"12",12,167.299051519023,1226.36794574521
"13",13,139.10576020678,1295.91099360049
"14",14,146.636070583922,1330.87749180757
"15",15,106.188027771617,1146.49917243564
"16",16,109.983275626091,1274.44010911882
"17",17,126.334914617893,1291.22199867783
"18",18,140.700689574325,1471.33251676995
"19",19,150.520182014952,1374.5533143591
"20",20,144.42761840338,1374.79829702884
