"","time","MRA","LR"
"1",1,0,0
"2",2,122.92281657016,474.953906742824
"3",3,74.3935437443762,537.265056472098
"4",4,71.5156710652144,622.420167523971
"5",5,93.5087329528343,863.555448554595
"6",6,133.983221677116,963.296429241982
"7",7,122.120819426988,974.515433778723
"8",8,126.100340511021,868.347171227468
"9",9,102.887622096005,892.062080084795
"10",10,111.036388109468,932.73921066957
"11",11,112.091416455274,997.136128916499
"12",12,142.963390771337,1191.62368371726
"13",13,154.405920121624,1093.80103403844
"14",14,138.232339891604,968.530753617127
"15",15,156.729245980491,1143.35500908295
"16",16,135.32670021616,1113.72204891611
"17",17,141.397999083845,1202.73031654767
"18",18,145.594682458524,1241.09495293027
"19",19,142.727547907653,1232.71768938175
"20",20,148.437285248456,1359.00277265671
