"","time","MRA","LR"
"1",1,0,0
"2",2,133.597772195381,509.208202739894
"3",3,109.099909711699,576.11844107553
"4",4,112.810708390091,874.646134661493
"5",5,118.74228580822,1035.77343289339
"6",6,114.853328173651,993.554896555489
"7",7,157.062999072162,1237.71347139298
"8",8,189.845089404331,1359.55891295689
"9",9,185.901665114242,1368.8237901154
"10",10,173.273806473828,1445.68400387648
"11",11,152.167113937861,1502.93932554917
"12",12,149.990616361156,1400.08720669137
"13",13,160.170965301535,1429.72414002924
"14",14,180.763952796948,1731.52307618146
"15",15,194.87119123561,1717.90451485738
"16",16,193.761551136915,1943.20911562072
"17",17,191.252766652111,1737.68034099275
"18",18,209.814704796002,1717.74098556824
"19",19,193.144905043145,1880.71357437347
"20",20,191.588046845514,1951.99559466879
