"","time","MRA","LR"
"1",1,0,0
"2",2,139.924481296439,437.31132066001
"3",3,85.5894935026146,475.051876383026
"4",4,89.6331698615531,597.393329833655
"5",5,109.253409093447,801.684887647267
"6",6,105.152874844128,888.047835316008
"7",7,123.910905469555,980.933082670523
"8",8,158.992084204992,1023.81945120681
"9",9,174.911673926846,1184.92884770962
"10",10,162.762799747223,1150.08218142932
"11",11,180.433359024689,1318.98092905426
"12",12,161.908618383186,1299.51828356653
"13",13,181.287128153014,1434.52023764934
"14",14,183.262843903262,1487.20911711712
"15",15,163.069151422903,1311.45631057143
"16",16,166.435605670634,1253.8199125184
"17",17,170.448681814266,1261.37043007937
"18",18,166.448018993413,1137.55468829467
"19",19,154.591448062057,1025.52733603113
"20",20,111.11894603368,958.954820541751
