"","time","MRA","LR"
"1",1,0,0
"2",2,140.342902777717,477.639644917134
"3",3,79.6188493492762,515.83929051095
"4",4,59.2262773589297,515.617417268201
"5",5,86.5125964709914,610.51413936819
"6",6,106.916717286819,714.108712655956
"7",7,117.347598033537,875.040994302445
"8",8,136.696720502491,1164.4935790236
"9",9,152.709776455548,1121.76997809116
"10",10,162.210703112467,1233.18309178795
"11",11,145.360889906096,1214.91822732728
"12",12,147.282649102703,1286.80279952794
"13",13,163.490570022523,1194.25088909672
"14",14,170.060476907952,1127.01702625662
"15",15,177.395159899385,1086.95838194176
"16",16,155.364067423646,1038.25932469377
"17",17,184.672793858697,1172.58756895707
"18",18,187.772432016034,1166.53670451792
"19",19,201.447522490558,1434.1436145995
"20",20,177.735729323066,1452.08697275028
