"","time","MRA","LR"
"1",1,0,0
"2",2,142.298722164564,455.570244312412
"3",3,89.3091969516129,481.226468573173
"4",4,103.807789854049,673.524991319427
"5",5,109.934899243603,786.330205565627
"6",6,122.527335927104,1014.54466639876
"7",7,145.345069940361,928.49888219871
"8",8,158.36518708714,1151.22942426636
"9",9,149.275839843284,1166.06976878809
"10",10,151.651962070584,1040.3260181128
"11",11,155.961859459908,1082.29733389834
"12",12,147.591640627192,916.71395267291
"13",13,119.977909465862,886.079430862287
"14",14,102.580061456173,879.921521840322
"15",15,132.799120829877,911.981966253435
"16",16,148.263447108012,1053.41620788269
"17",17,168.912427711763,1104.7064317229
"18",18,162.770160727716,1090.56264449726
"19",19,150.363193145617,1138.31750877558
"20",20,168.030716959367,1276.43934844787
