"","time","MRA","LR"
"1",1,0,0
"2",2,139.10075755515,580.096231762181
"3",3,103.737149406942,663.396257501948
"4",4,100.047759545626,785.287615794388
"5",5,119.563553205226,790.233454981412
"6",6,122.764458672164,783.968748794292
"7",7,150.505180116805,936.116442840324
"8",8,143.331364623711,980.183616995718
"9",9,148.955067314559,1269.92937229609
"10",10,146.056677945737,1223.91323914484
"11",11,164.687815193474,1227.93658310286
"12",12,176.998179174992,1268.27344957456
"13",13,177.872305992679,1338.08995500337
"14",14,172.998612413622,1324.02048810245
"15",15,196.785800809547,1434.10081079677
"16",16,179.437997593458,1463.05913400767
"17",17,179.577095973066,1551.93601785164
"18",18,144.710895699789,1631.40174330378
"19",19,161.570179505306,1594.73438488103
"20",20,170.601374447474,1409.80017284477
