"","time","MRA","LR"
"1",1,0,0
"2",2,115.585887579598,436.023306282264
"3",3,70.3506913948141,452.884559951322
"4",4,58.3175573821379,523.508274042344
"5",5,101.288346818826,737.381076381023
"6",6,102.839567550554,854.209018049448
"7",7,136.586970721748,955.292800963426
"8",8,145.500546089158,1053.23582390069
"9",9,154.078382625418,981.524609133111
"10",10,171.976361330825,1185.85379421577
"11",11,172.536742376744,1120.61181586398
"12",12,180.499784255283,1318.63415047495
"13",13,165.784273859025,1306.35710614403
"14",14,180.333746595836,1680.36675931832
"15",15,187.598958389978,1764.03270604198
"16",16,171.368725407977,1653.04665306687
"17",17,170.300990639648,1910.28845103217
"18",18,151.86665266818,1930.12057304608
"19",19,142.213818261951,1641.44789690764
"20",20,146.367550180604,1853.38740433366
