"","time","MRA","LR"
"1",1,0,0
"2",2,135.178697094388,443.926663687862
"3",3,84.6492149034407,574.154190238004
"4",4,99.0821555354549,744.191040760409
"5",5,108.823574186073,863.551243368282
"6",6,112.101885703241,890.608610421622
"7",7,127.113898327592,888.651993916595
"8",8,132.869414909749,996.514534066132
"9",9,127.611577964372,1125.0678785651
"10",10,163.056189512142,1109.21220512964
"11",11,161.601609893942,1211.70898836677
"12",12,185.326693901564,1255.89919701347
"13",13,190.697079096148,1332.42105538833
"14",14,195.548384445376,1296.39121832486
"15",15,189.933527844921,1323.33394474761
"16",16,165.231784045813,1249.71183515893
"17",17,136.297072999834,1380.32435884375
"18",18,165.94478955675,1484.24235673368
"19",19,148.43146951035,1556.7128131389
"20",20,156.305615681705,1672.05974686479
