"","time","MRA","LR"
"1",1,0,0
"2",2,154.82367434384,507.374787942812
"3",3,105.066517173105,623.713545484082
"4",4,101.328791234987,684.161841936517
"5",5,91.2472109263243,696.171210604719
"6",6,111.027093109247,941.514807290922
"7",7,101.826692332581,956.997781854238
"8",8,138.745917027186,1015.20870804207
"9",9,127.021369357454,1095.15338163802
"10",10,127.27007507242,1063.47089872609
"11",11,155.206831975125,1098.63973918877
"12",12,161.93488497842,1281.25762162221
"13",13,160.69318339819,1140.13684576152
"14",14,157.561961099443,1326.08586953186
"15",15,170.017270431666,1567.47855932993
"16",16,167.641696955694,1663.64420966779
"17",17,156.309083629855,1721.1420333035
"18",18,188.355528738767,1521.52226486658
"19",19,198.461030539064,1525.64326524878
"20",20,174.132021779345,1373.37724017168
