"","time","MRA","LR"
"1",1,0,0
"2",2,138.257936821578,463.243594620395
"3",3,82.5534038662877,512.513791228381
"4",4,98.4926370108026,650.176349941067
"5",5,94.907024808005,810.879708382484
"6",6,107.885974957181,782.231564350408
"7",7,117.956033066763,709.809968398051
"8",8,99.6745127425181,810.298346853715
"9",9,114.734499751051,888.349770441549
"10",10,117.623400777535,954.020786784723
"11",11,145.353119970428,1055.17384891748
"12",12,129.903582098392,1031.76456628054
"13",13,151.701738858457,1148.99142521027
"14",14,171.856679119874,1327.85327416509
"15",15,177.112307176566,1521.24971605404
"16",16,176.775550889542,1491.43730768357
"17",17,170.886526682785,1418.8993925071
"18",18,175.573082428995,1514.11247431932
"19",19,186.090445302668,1596.72233352648
"20",20,172.419286776504,1570.8219682527
