"","time","MRA","LR"
"1",1,0,0
"2",2,129.616412768422,452.338879169835
"3",3,86.500488662045,596.817322493334
"4",4,81.360313254313,617.947727734033
"5",5,95.0132102057548,788.10531672707
"6",6,100.717550904973,720.20179100278
"7",7,112.737236416231,785.088814248232
"8",8,129.265328998458,836.924557569093
"9",9,130.12534511817,961.385229936574
"10",10,134.423551352602,1147.5054630495
"11",11,146.936655888377,1154.43105540441
"12",12,124.184020812002,1070.39439586405
"13",13,124.415528622334,1038.27901540818
"14",14,155.512519793373,1064.58355207123
"15",15,159.031294641415,1264.45700244744
"16",16,160.774601950485,1343.70762567953
"17",17,188.982460610505,1480.36916972435
"18",18,178.187656058652,1596.00225838149
"19",19,175.61443627885,1626.16714723496
"20",20,206.48758415707,1743.38697148283
