"","time","MRA","LR"
"1",1,0,0
"2",2,139.974246378133,470.286284223034
"3",3,107.988350119154,634.217714283723
"4",4,115.039775072006,756.703018712623
"5",5,122.692800105747,883.122628612289
"6",6,139.220320498271,1072.41646761842
"7",7,120.396618906672,948.457207627386
"8",8,138.778237365143,972.905558161139
"9",9,152.636848819332,1028.90390454507
"10",10,162.996886826092,1246.26652828598
"11",11,168.375984624212,1324.91923632191
"12",12,177.050129116775,1599.41946223587
"13",13,168.732388416151,1636.47179131699
"14",14,155.461161239587,1606.12711385825
"15",15,162.283271542275,1430.42728207759
"16",16,146.375784113792,1278.05335017353
"17",17,171.811721178658,1288.86179151582
"18",18,176.455094393552,1290.75368651879
"19",19,159.628469791943,1246.62191398135
"20",20,179.227525395224,1284.45756819123
