"","time","MRA","LR"
"1",1,0,0
"2",2,130.056525673162,426.307270259081
"3",3,66.5516608272178,489.712223171487
"4",4,68.4107564494843,654.61416078059
"5",5,88.8423593431698,675.456220427487
"6",6,117.482303185675,812.737876088041
"7",7,98.8271510271892,744.243218661653
"8",8,98.6129930606771,807.544126024644
"9",9,128.445694724439,1011.98089541959
"10",10,134.387950782579,1016.57142626421
"11",11,160.946272022266,998.272057837926
"12",12,167.2078304498,1117.50666546264
"13",13,181.959688699999,1277.07387050562
"14",14,201.00077207816,1329.7253223282
"15",15,196.474148778951,1328.84426065352
"16",16,192.198529479276,1369.80439573942
"17",17,179.617721335462,1378.28126812517
"18",18,192.732908065086,1331.19921739092
"19",19,175.605898102159,1263.55702424307
"20",20,205.677653270574,1368.80573665962
