"","time","MRA","LR"
"1",1,0,0
"2",2,134.499134701039,457.864332592282
"3",3,75.8705511866523,489.81357890084
"4",4,78.3053867798938,563.270542184539
"5",5,105.99512879318,753.306642048838
"6",6,130.495615419188,914.836825761766
"7",7,130.40582166499,802.147231195134
"8",8,128.018715799883,934.100707755083
"9",9,120.950389054801,1028.86278374844
"10",10,138.94374982079,1135.06712021778
"11",11,147.783704820321,1071.40387670712
"12",12,147.025862273226,1099.57864586861
"13",13,166.935715112374,1181.55978431766
"14",14,164.949514854483,1143.47541087289
"15",15,176.445417344893,1310.52934746032
"16",16,180.034982313905,1167.86919935826
"17",17,165.336807312395,1118.40359659315
"18",18,158.942414863972,1127.07379508646
"19",19,200.000335426197,1349.96488343109
"20",20,187.853230463678,1543.22030229247
