"","time","MRA","LR"
"1",1,0,0
"2",2,129.748419436397,504.470625014791
"3",3,86.546826710092,652.599867652506
"4",4,104.010459298788,763.410633139816
"5",5,110.362209207265,869.766772545791
"6",6,131.899898325664,927.3793979532
"7",7,131.344992962163,973.089907527358
"8",8,164.547614491665,1115.57980677635
"9",9,133.270435193441,1005.97555613951
"10",10,126.790338672807,1051.14525038679
"11",11,148.712352467435,972.672333701931
"12",12,155.292204049661,1126.90396598235
"13",13,160.578656029518,1087.55054405112
"14",14,143.652047276348,1185.58399736285
"15",15,167.075352139085,1420.19778195361
"16",16,148.965466150194,1287.35422606313
"17",17,167.624876587937,1294.27199095227
"18",18,176.9386137595,1437.08632280419
"19",19,184.786455791517,1533.47279558263
"20",20,205.119869000667,1481.86166643251
