"","time","MRA","LR"
"1",1,0,0
"2",2,123.713018740629,486.289593529429
"3",3,83.2424989176716,492.420380637922
"4",4,93.2811992048994,532.583028358269
"5",5,121.839203177903,659.897624200723
"6",6,118.95902124442,653.591277562713
"7",7,148.540140326158,709.65672372345
"8",8,159.635048642379,951.877534224063
"9",9,119.52218556398,1044.07099997217
"10",10,149.785819272074,1057.29201020353
"11",11,136.170975034494,1254.12564120736
"12",12,150.021720778173,1341.08713473814
"13",13,174.065990106022,1328.44972326658
"14",14,157.529717721188,1125.68702596261
"15",15,148.806773464982,1289.94955623034
"16",16,166.015680579397,1139.35440962396
"17",17,169.163688145974,1243.1074002312
"18",18,185.820529820704,1380.26615686959
"19",19,199.441592387461,1620.62571591734
"20",20,164.349782400424,1515.35625498755
