"","time","MRA","LR"
"1",2,0.987698095644887,1.01064320440316
"2",3,1.01242355418532,1.00680704852663
"3",4,0.997909455768644,1.01409577079918
"4",5,1.00810464613017,1.03675998948508
"5",6,1.01801950492626,1.04026364366726
"6",7,1.00436497743127,1.03414056464965
"7",8,0.987081665801291,1.03607909403029
"8",9,0.987721355204334,1.03925733988249
"9",10,1.01406973447299,1.0237521989658
"10",11,1.00564252428804,1.04353156734924
"11",12,0.995269577092493,1.0248717839465
"12",13,1.00844142313454,1.00994802317774
"13",14,1.00996455580017,1.01859322282787
"14",15,1.00143123006634,1.02171650605048
"15",16,1.0198352650639,1.07271942859022
"16",17,1.01444183577719,1.06342864589481
"17",18,0.99650736210452,1.05526671190399
"18",19,0.976976337228704,1.05264130348252
"19",20,1.01993640967802,1.05396538132599
