"","time","MRA","LR"
"1",2,0.977556470208972,1.00596193453432
"2",3,0.987428891768201,1.01211272213996
"3",4,1.03276454247097,1.05805517408963
"4",5,1.03598277088993,1.05743923676813
"5",6,1.04620953270805,1.04235100246988
"6",7,1.05762142284092,1.09116586207187
"7",8,1.0391194744632,1.07606697789771
"8",9,1.0432291903036,1.05516726838491
"9",10,1.03804983970175,1.07566635235728
"10",11,1.06308078835469,1.10776961121728
"11",12,1.0773756758412,1.16399463383447
"12",13,1.05222024127628,1.10776504170659
"13",14,1.02491916858353,1.08538168977261
"14",15,1.03904220024515,1.0953835903298
"15",16,1.04514607003644,1.13073704568635
"16",17,1.04601590254632,1.1402461368523
"17",18,1.04025801050655,1.13793331493361
"18",19,1.05230695477273,1.20244758738803
"19",20,1.02753631930588,1.18742144153254
