"","time","MRA","LR"
"1",2,1.00329361401876,1.03954947497269
"2",3,0.984782772699741,1.02872452286773
"3",4,1.00675920334075,1.04243237755047
"4",5,1.01440874141268,1.03853161650975
"5",6,1.03744872463899,1.05860975288552
"6",7,1.06130389481515,1.07415405691407
"7",8,1.03201157062059,1.03310477349558
"8",9,1.02409959346602,1.06435584389475
"9",10,1.02478550640709,1.04695538432713
"10",11,1.03234380171234,1.05157244900054
"11",12,1.03232490336352,1.05886831721526
"12",13,1.02988512056495,1.06959183015745
"13",14,1.03191143083259,1.10046049781191
"14",15,1.02554285250815,1.06427988572741
"15",16,1.03925032896754,1.06323015774851
"16",17,1.04727634788792,1.11663056030613
"17",18,1.03004170765044,1.12727909061347
"18",19,1.03074357630796,1.14214580974888
"19",20,1.02843700803661,1.13211272538699
