"","time","MRA","LR"
"1",2,1.02108629270907,1.01090572913566
"2",3,1.03789807576494,1.06563967369737
"3",4,0.99648868932064,1.05868415932458
"4",5,1.02679576530202,1.0784758263701
"5",6,1.00578068793016,1.11236891525991
"6",7,1.01409450219977,1.07916974198237
"7",8,1.01718929835539,1.15439552755646
"8",9,1.03916406501539,1.131891285361
"9",10,1.01849687083923,1.08068935366865
"10",11,1.02752668522051,1.07285845440761
"11",12,1.02085532045224,1.12837575763446
"12",13,1.02260065534887,1.12990609371831
"13",14,1.04184255176208,1.12357946658023
"14",15,1.02921748803091,1.10223669279901
"15",16,1.0217643924448,1.10643646526764
"16",17,1.04096884874458,1.14292028907427
"17",18,1.04247020774533,1.16598664759673
"18",19,1.01507579919039,1.09525174402071
"19",20,1.05191036636868,1.16216441084547
