"","time","MRA","LR"
"1",2,0.986956533723362,0.990170013594118
"2",3,1.01601237362752,1.0389520797593
"3",4,1.03611819213776,1.03531530936328
"4",5,1.02989734117246,1.01512168548113
"5",6,1.01477049223315,0.991424988320869
"6",7,0.990701297568572,0.997038327699586
"7",8,0.993473883405112,1.00025961712659
"8",9,0.98969329416791,1.02836796928848
"9",10,1.00501353069749,1.06513647688766
"10",11,1.01177554422235,1.07899652419222
"11",12,1.0154162105897,1.08257951374711
"12",13,1.01916806234859,1.0533346537268
"13",14,1.0219096354331,1.07837958650418
"14",15,1.03350646746872,1.08752693083792
"15",16,1.05169548751806,1.07946175281412
"16",17,1.02697613243823,1.05868969413456
"17",18,1.04463832429234,1.11428059444809
"18",19,1.06421480288323,1.15011331086826
"19",20,1.05288217300191,1.13718290542776
