"","time","MRA","LR"
"1",2,0.999300277096652,1.00307718773549
"2",3,1.01339169252254,1.00325584636504
"3",4,1.02340831945074,1.0835636043012
"4",5,1.04830606121623,1.06008284883497
"5",6,1.05759796520507,1.04431878204581
"6",7,1.05236060095967,1.07539779365665
"7",8,1.0298879514349,1.0796460687407
"8",9,1.03701281228443,1.07541173574412
"9",10,1.02680717635475,1.07005727480691
"10",11,1.02638075070718,1.10714925062757
"11",12,1.02242145668203,1.0962726422777
"12",13,1.04385498141401,1.09592533059491
"13",14,1.04078487966379,1.0883547070337
"14",15,1.05999141322743,1.10955818430345
"15",16,1.05608106539222,1.0956524674511
"16",17,1.03415812551077,1.09196819670437
"17",18,1.05093332628917,1.12020948150533
"18",19,1.03871261950941,1.07407822920717
"19",20,1.04451507423693,1.08854166810071
