"","time","MRA","LR"
"1",2,0.986760190598581,0.996222244466784
"2",3,1.00505769475463,1.00040580886418
"3",4,1.01102423140696,1.01224213921499
"4",5,0.989871143733246,0.993644027988275
"5",6,1.00850142033116,1.06961390106191
"6",7,1.01742651203558,1.0856527100867
"7",8,1.00675997753885,1.0595592113983
"8",9,1.00672127640596,1.11006529695984
"9",10,1.01249462488362,1.11997799069424
"10",11,0.998609585529007,1.10237324168792
"11",12,1.00943793761099,1.10482963103852
"12",13,1.02176483986601,1.12487283127421
"13",14,1.02507262437821,1.09815938965087
"14",15,1.01230995607196,1.09689370157167
"15",16,1.02728678432609,1.10395338277998
"16",17,1.03295332098822,1.14489960979517
"17",18,1.00982809799174,1.11644169374862
"18",19,0.993659383476886,1.11858367247851
"19",20,0.998782046531149,1.11331028704211
