"","time","MRA","LR"
"1",2,0.986551441071907,1.02211160030109
"2",3,1.00520473160558,1.02651920785977
"3",4,1.02323795849985,1.04685355471722
"4",5,1.01852823636993,1.05283103101274
"5",6,1.0239304340206,1.07516122172047
"6",7,1.01057886113653,1.09461262737348
"7",8,1.01147342968474,1.07646525409753
"8",9,1.02552752081714,1.08429262045774
"9",10,1.02889054922774,1.08872484032616
"10",11,1.0322034172326,1.10002749934069
"11",12,1.03176769622847,1.0950523723984
"12",13,1.00897649675086,1.05375259021198
"13",14,1.00978514067415,1.06939564253334
"14",15,1.03295869442747,1.14103503065655
"15",16,1.05140821840458,1.16735431528981
"16",17,1.0601003100829,1.18821836215019
"17",18,1.09034848170174,1.20807221847935
"18",19,1.06424378360139,1.19978374879735
"19",20,1.06552890492384,1.23218146984516
