"","time","MRA","LR"
"1",2,0.985418616694109,0.968008587303856
"2",3,1.00872397322385,0.991838321096194
"3",4,1.00251804544156,0.989658552312379
"4",5,1.02150907257132,1.01585039095389
"5",6,1.02395829017217,1.05549360779127
"6",7,1.03596242938676,1.06124033986435
"7",8,1.04832313154496,1.09873148385506
"8",9,1.04300544239427,1.10795453409667
"9",10,1.05454959182096,1.1426428406152
"10",11,1.03784734593125,1.09344548198461
"11",12,1.02083760929657,1.10640482392726
"12",13,1.05816363913106,1.13565880977159
"13",14,1.0595276866519,1.12142433842317
"14",15,1.05194081002018,1.13927011711977
"15",16,1.05288988469133,1.11986499990821
"16",17,1.05813167236011,1.12188310776582
"17",18,1.06433343281634,1.13377099563954
"18",19,1.043628155667,1.15184001058861
"19",20,1.06370532992203,1.14025965853436
