"","time","MRA","LR"
"1",2,0.972052485310162,0.993358169756718
"2",3,0.986643868106996,1.00332396008454
"3",4,1.0059457134256,1.02020410952156
"4",5,1.0136870487815,1.06417195110498
"5",6,1.03746919671771,1.08147566725501
"6",7,1.03744538521175,1.08312673746346
"7",8,1.03142308246088,1.10176823432295
"8",9,1.01799290295234,1.07398766427295
"9",10,1.03129414510305,1.1069996178107
"10",11,1.04312852718612,1.10497596192976
"11",12,1.01854564332427,1.07679960810233
"12",13,1.01710369305844,1.07828451930054
"13",14,1.0084514431853,1.08817510518614
"14",15,1.02246673881476,1.05834584949986
"15",16,1.05233461873273,1.10843728917108
"16",17,1.02325573705581,1.09782548678213
"17",18,1.04893603090543,1.13005053731744
"18",19,1.05099560678342,1.15508474938927
"19",20,1.04741315274128,1.18833069184274
