"","time","MRA","LR"
"1",2,0.988709056765943,0.997673492852585
"2",3,1.00158204440003,0.989878204659583
"3",4,0.99901491255873,0.997870854001752
"4",5,1.00823346925434,0.986276579598611
"5",6,1.0061244799653,1.01723470799614
"6",7,1.03351236761442,1.05452701663612
"7",8,1.03435848135897,1.06411567933672
"8",9,1.04213687274911,1.06228391444972
"9",10,1.00429420705309,1.06694043008771
"10",11,0.989490768590658,1.04761636844647
"11",12,1.01728754232849,1.08860325105067
"12",13,1.02330527409482,1.07986356566199
"13",14,1.03527037283042,1.08450534420143
"14",15,1.0224997569008,1.08502365051727
"15",16,1.0175936380668,1.10310239028921
"16",17,1.0264141526811,1.09501368825775
"17",18,1.02506005735064,1.13278965549276
"18",19,1.02006302208145,1.0957703510171
"19",20,1.01533126959696,1.08929423912632
