"","time","MRA","LR"
"1",2,0.99050275427322,0.974935963652526
"2",3,1.00166662646651,1.02494883024074
"3",4,1.00627321374726,1.02262106402178
"4",5,1.0174255003801,1.00618469229534
"5",6,1.02575346896329,1.03228811971301
"6",7,1.02318294380021,0.990188683428807
"7",8,1.01146172414262,0.992679028558437
"8",9,1.01425062400106,1.03325155553928
"9",10,1.01075161400269,1.03841976585693
"10",11,1.01689198395849,1.06660434646785
"11",12,1.04327831941384,1.09030813518151
"12",13,1.01448481343079,1.10643159865635
"13",14,1.00595867772028,1.10722991500762
"14",15,1.02729263573208,1.12833046641903
"15",16,1.05156482713061,1.11701597700112
"16",17,1.03501219738199,1.11047810144943
"17",18,1.04764585244125,1.1527397190475
"18",19,1.06259431843775,1.16784034244264
"19",20,1.06125818754581,1.15553021530857
