"","time","MRA","LR"
"1",2,0.974361423962545,1.00235535801591
"2",3,0.986753594955164,1.02405434346496
"3",4,1.00239731305755,1.04499025790942
"4",5,1.00388578662051,1.0476631273293
"5",6,1.0128497137411,1.0308318729819
"6",7,1.04668593568179,1.06978516614457
"7",8,1.02323624670587,1.09352657772772
"8",9,1.02171873203661,1.06028834581509
"9",10,1.03099729619872,1.07340961853249
"10",11,1.03063488447998,1.05483464356352
"11",12,1.0184267250907,1.06832579634921
"12",13,1.02289628508428,1.04434634081187
"13",14,1.00967431490391,1.0576945238869
"14",15,1.00615388593054,1.07090310636594
"15",16,1.04343131698227,1.10750827570913
"16",17,1.04496250275472,1.12596657054386
"17",18,1.03975436531807,1.11413053234707
"18",19,1.0433454292262,1.16319475973656
"19",20,1.03158671023611,1.14002445751624
