"","time","MRA","LR"
"1",2,0.965914832334175,0.968346497457786
"2",3,0.987324371996526,1.00314344581805
"3",4,0.991541084062884,0.96111946337583
"4",5,1.04885750157252,1.00732595853016
"5",6,1.04295234017311,1.07396781722664
"6",7,1.02981409907719,1.08104282662279
"7",8,1.01637720274547,1.0396342961139
"8",9,1.01807998370624,1.06308399702806
"9",10,1.02230970608777,1.06654064351109
"10",11,1.04750449997175,1.1280253251222
"11",12,1.06237069141271,1.1511496013902
"12",13,1.04215770625461,1.11967869643704
"13",14,1.02054774935104,1.09235256813989
"14",15,1.04225109523683,1.09700729252651
"15",16,1.04893409619649,1.10515478740945
"16",17,1.05617976057328,1.10288071098326
"17",18,1.03418821215144,1.06760326624466
"18",19,1.03436638138836,1.07629765229148
"19",20,1.01255251255094,1.08661842654226
