"","time","MRA","LR"
"1",2,0.989162286761059,0.987695283033701
"2",3,0.997166017226569,0.995366239414242
"3",4,0.992768550659601,1.04908973067983
"4",5,0.998567963466042,1.02576671172781
"5",6,0.998250969252485,1.0687555754746
"6",7,0.994289895578495,1.0842165987248
"7",8,1.02129225305881,1.11552796475506
"8",9,1.03359878619522,1.15613183507979
"9",10,1.06111196724095,1.08885312003257
"10",11,1.00424645101991,1.07877326037951
"11",12,1.01694642411728,1.07349245080364
"12",13,1.03386997044892,1.12266106163959
"13",14,1.03303074711768,1.13519493411574
"14",15,1.01680170687524,1.12909987130438
"15",16,1.02357344901855,1.15712300362428
"16",17,1.03225268389696,1.16927449691847
"17",18,1.03410359969613,1.14322659878647
"18",19,1.02864798306279,1.11698296919135
"19",20,1.0209520284906,1.09380814157318
