"","time","MRA","LR"
"1",2,0.977407136034808,0.978933825523163
"2",3,1.00825828084616,1.00800112559985
"3",4,0.998631172010825,1.02517985123552
"4",5,0.991694327792446,1.04592138571851
"5",6,1.0139684321521,1.05770400491923
"6",7,1.01000431524967,1.06897558467543
"7",8,1.01232474065533,1.08728308524144
"8",9,1.03658350269045,1.11172846141882
"9",10,1.05274041906277,1.11428641011957
"10",11,1.05516535225869,1.15390103985179
"11",12,1.08184798820451,1.13437405830926
"12",13,1.06165928090379,1.14654380555481
"13",14,1.03927129818813,1.14327626210647
"14",15,1.00554998655396,1.09971061818336
"15",16,1.02499626926369,1.13037316980783
"16",17,1.05042650875272,1.17761018907856
"17",18,1.06006177735246,1.18516560545456
"18",19,1.05082860574955,1.16958621648767
"19",20,1.05863778678633,1.1782777337168
