"","time","MRA","LR"
"1",2,0.993312109314339,0.982918723152764
"2",3,1.01751947932209,1.01280953719231
"3",4,1.02244541193824,1.01609029647107
"4",5,1.02349662818997,1.03601905892912
"5",6,1.03228584982434,1.03407823921614
"6",7,1.04822997353538,1.02744432327138
"7",8,1.04740148170962,1.06632127644835
"8",9,1.02623912819442,1.05761681421714
"9",10,1.0146294793174,1.05623973188856
"10",11,1.02833622415662,1.04828973341881
"11",12,1.03076525974578,1.05243801708282
"12",13,1.02537563048101,1.08356984255542
"13",14,1.05280450410345,1.09226417962354
"14",15,1.08034686069646,1.11887246425425
"15",16,1.04565051479545,1.06853554880476
"16",17,1.03856989957169,1.07319676452481
"17",18,1.03235460725703,1.09399573833401
"18",19,1.03821785046918,1.08606722801792
"19",20,1.04500319680376,1.11047090828374
