"","time","MRA","LR"
"1",2,0.969665628737944,0.983642793629088
"2",3,0.984602846984911,1.00125737972722
"3",4,1.01126853203675,1.0010402223338
"4",5,1.00612881785728,1.01788055617834
"5",6,1.03104878217227,1.05480925587334
"6",7,1.0390705032132,1.08936479835737
"7",8,1.05150582474679,1.10558991924995
"8",9,1.01246487755043,1.0865827383726
"9",10,0.998381167785075,1.05805630794255
"10",11,1.023585526019,1.10803161413594
"11",12,1.01058909631936,1.08695561480132
"12",13,1.02286869581302,1.07726024149999
"13",14,1.02486681832076,1.05694198499938
"14",15,1.01943621386719,1.06649482606134
"15",16,1.00689216785562,1.05944284273509
"16",17,0.983914648757238,1.01409282838425
"17",18,1.02224692507866,1.07559450234179
"18",19,1.01936215358111,1.05195833690197
"19",20,1.02593411417669,1.13763735225257
