"","time","MRA","LR"
"1",2,0.981907861647481,1.01064593667824
"2",3,0.986593840063826,1.01176471842162
"3",4,1.01247230863481,1.03602293996799
"4",5,1.02426781523653,1.07947355564191
"5",6,1.03098441290941,1.03984201046891
"6",7,1.03023944618363,1.09330785901016
"7",8,1.03128150996447,1.10571969904203
"8",9,1.03562264754756,1.13831841135879
"9",10,1.01672232098572,1.09025394421782
"10",11,1.00682722973843,1.05889196509529
"11",12,1.01736113170841,1.06736978113177
"12",13,0.986448910739852,1.01289019384856
"13",14,1.00165162131129,1.04320474996457
"14",15,1.03417513835084,1.09549029933347
"15",16,1.02277746772004,1.07614148582761
"16",17,1.05881245285887,1.13972495880225
"17",18,1.04772721954271,1.14978092768713
"18",19,1.05319098081109,1.15047458245624
"19",20,1.03996183205704,1.13530867542142
