"","time","MRA","LR"
"1",2,0.997820721009161,1.01012449818837
"2",3,1.02963936159554,1.00721644175307
"3",4,1.02155382538254,1.03844650070214
"4",5,1.02059157915604,1.01699236909228
"5",6,1.01159550868629,0.992805939594018
"6",7,1.02683040888359,1.05037144837537
"7",8,1.02436141030419,1.04423592672287
"8",9,1.01443343617833,1.0403027932169
"9",10,1.00317426536569,1.04986602103551
"10",11,1.00232379418494,1.09848784740966
"11",12,1.01485797690419,1.08587848924908
"12",13,1.05690968033068,1.10588100572458
"13",14,1.04439939813689,1.10371276926537
"14",15,1.04532340963046,1.11121883953244
"15",16,1.04720084996664,1.09784864199701
"16",17,1.00566297291776,1.08107308748799
"17",18,1.01923208698395,1.0953025046498
"18",19,1.02350860379245,1.15416017502485
"19",20,1.02579719060765,1.1438533366546
