"","time","MRA","LR"
"1",2,0.962775660478522,0.953111337533881
"2",3,0.991962976393502,0.998171891549975
"3",4,1.01549639955908,1.03005007163042
"4",5,1.01391957494851,1.03204185626696
"5",6,1.0195484942455,1.05983827827433
"6",7,1.02003171896621,1.07625905062462
"7",8,1.01770902097719,1.09973210917466
"8",9,1.03749788519083,1.13599738748378
"9",10,1.03398469919739,1.12402614566771
"10",11,1.0278713270187,1.13765874410345
"11",12,1.0192732000706,1.09880752695185
"12",13,1.04118117216626,1.13728107869332
"13",14,1.03190522652925,1.12143608803422
"14",15,1.02598274989603,1.10974265873556
"15",16,1.02412850677993,1.12073957639146
"16",17,1.02148345324031,1.11474669976269
"17",18,1.05541351588347,1.14014335891346
"18",19,1.03219239761728,1.15451943334884
"19",20,1.05208248820158,1.21672500713551
