"","time","MRA","LR"
"1",2,0.968194386430339,1.00163719653834
"2",3,0.986779432599399,0.976050815214758
"3",4,0.992738056777462,0.992858414385949
"4",5,0.999866690090481,1.03089099190508
"5",6,0.980075066733312,1.02059013912674
"6",7,1.00601344141479,1.02898900866082
"7",8,1.03122639826232,1.02226592451992
"8",9,1.03914978255037,1.0503338130427
"9",10,1.03038950595688,1.07099813724373
"10",11,1.03669403636631,1.06386729198414
"11",12,1.03470709121691,1.09692278408404
"12",13,1.05030858175629,1.1257803705444
"13",14,1.04245719348103,1.17855865539493
"14",15,1.02942511784028,1.15857741714386
"15",16,1.02482428110557,1.13850420194261
"16",17,1.04973320720376,1.18615924874277
"17",18,1.05170611280299,1.19146399794371
"18",19,1.0433826720593,1.17152302918785
"19",20,1.06062549174406,1.17123586183054
