"","time","MRA","LR"
"1",2,1.01059373711385,1.04480927974782
"2",3,1.02039113642462,1.02446819120861
"3",4,0.994363763740239,1.0032711288334
"4",5,1.02206959883824,1.02334435274476
"5",6,1.02993802106539,1.03211373197229
"6",7,1.00642829360901,1.04318032669573
"7",8,1.01640726468718,1.04331721540288
"8",9,1.01686715977525,1.07507318547201
"9",10,1.04828334829101,1.13582597951695
"10",11,1.04649874779399,1.08532772896823
"11",12,1.06778138424776,1.16681000908716
"12",13,1.07472965350757,1.13842517144864
"13",14,1.06344671122756,1.09761582657546
"14",15,1.05160831701322,1.07860414561558
"15",16,1.02390774160232,1.0640945689041
"16",17,1.04427916334925,1.11525515041779
"17",18,1.02641728494675,1.14258852843763
"18",19,1.03413079963395,1.14270125718582
"19",20,1.06192012034348,1.18159080759853
