"","time","MRA","LR"
"1",2,0.995203378350844,1.01983431632731
"2",3,0.99603261158969,1.0026836356577
"3",4,0.961064520085482,0.973372246529508
"4",5,1.02638502271255,1.01458525612027
"5",6,1.00826819687244,1.00649877702587
"6",7,1.01878009222684,1.01132082189724
"7",8,1.01766843671756,1.04661977011561
"8",9,1.03988108707892,1.10145802852239
"9",10,1.04471021798075,1.12547059247046
"10",11,1.0474625363671,1.13884305870403
"11",12,1.03973619552839,1.13924565545053
"12",13,1.04340666011339,1.15666117973573
"13",14,1.03227486287732,1.14552120992761
"14",15,1.06064244785745,1.20197957002958
"15",16,1.02638350411333,1.16158596327226
"16",17,1.02914174269838,1.22716497519129
"17",18,1.03283811860232,1.23296513095033
"18",19,1.04669671192299,1.20535931470073
"19",20,1.02986750850986,1.21137201115773
