"","time","MRA","LR"
"1",2,0.976769368573515,0.993540558875266
"2",3,1.00300881852234,1.00176245303152
"3",4,1.01257071283812,1.00405989667918
"4",5,1.00548234713465,1.03934393931619
"5",6,1.01505009387709,1.07125685215882
"6",7,1.00778214878486,1.04448315872158
"7",8,1.00519457671952,1.08024103560745
"8",9,1.01802886538274,1.09088423560893
"9",10,0.997612959415854,1.08061592267551
"10",11,1.0162206919435,1.1011806963902
"11",12,1.03020881992772,1.09496659004261
"12",13,1.0403880548905,1.13058806082437
"13",14,1.03082533781276,1.13488802647664
"14",15,1.02141495575703,1.08600158716819
"15",16,1.03887193792535,1.12573890610899
"16",17,1.04244289412737,1.17302013320604
"17",18,1.04542322858775,1.20828916770792
"18",19,1.03935939983627,1.16384669645291
"19",20,1.05794627862028,1.19251844386503
