"","time","MRA","LR"
"1",2,0.999044567436929,1.00021074368744
"2",3,1.01270505417426,1.01987108401578
"3",4,1.00408816122374,1.01747808309223
"4",5,1.01460209645383,1.03844933926806
"5",6,1.01645675622773,1.05290969351799
"6",7,0.993115490177121,1.02871047304765
"7",8,1.02242910218941,1.02697708186048
"8",9,1.03093477420674,1.03878737805011
"9",10,1.03298357089418,1.09341347217414
"10",11,1.0152803530002,1.07940594567725
"11",12,1.01737075133206,1.08202983832682
"12",13,1.01101642319433,1.05411573820101
"13",14,0.988860359428028,1.03599869739443
"14",15,1.03198889176466,1.07893545232261
"15",16,1.03322431437513,1.07482810487759
"16",17,1.03765391059763,1.09858737106622
"17",18,1.04566021897559,1.12945567873267
"18",19,1.03562590524136,1.1304396322511
"19",20,1.04920676088608,1.16497404676731
