"","time","MRA","LR"
"1",2,0.997931120481693,0.98986864984645
"2",3,1.01330147050699,0.984002809458014
"3",4,0.994679362121205,1.00283940602659
"4",5,0.981323511545902,0.999788220415101
"5",6,1.01043829910463,1.0255897999455
"6",7,1.02548698305323,1.06172295353715
"7",8,1.04722538146045,1.1196708709377
"8",9,1.03072997622781,1.06302522910001
"9",10,1.02996928427485,1.08246717413499
"10",11,1.03412218335291,1.0415000881368
"11",12,1.0497023573283,1.05049920381665
"12",13,1.05197504392791,1.09260285652784
"13",14,1.05721521542312,1.1013069218158
"14",15,1.06576337766513,1.09378975145088
"15",16,1.06551934667808,1.10735458830787
"16",17,1.00080298257089,1.0637213168011
"17",18,1.02843183693362,1.07786777529237
"18",19,1.01834294015722,1.0800039216706
"19",20,1.00466605373548,1.09086573778887
