"","time","MRA","LR"
"1",2,0.955783695967085,0.968901760695635
"2",3,1.01273592107249,1.00986823830731
"3",4,0.99946788233344,1.01413878946568
"4",5,1.02700688935132,1.07221754056284
"5",6,1.04980339060438,1.08643602308705
"6",7,0.997544663602662,1.01618029774909
"7",8,1.01253849537502,1.08571096413796
"8",9,1.0214062404395,1.06572142620318
"9",10,1.04392335147833,1.10728024042475
"10",11,1.03892308463501,1.08165843747268
"11",12,1.02120193141041,1.09439320606808
"12",13,1.02768287362649,1.0951774066285
"13",14,1.03177404658,1.14598302182031
"14",15,1.04684187221478,1.17944291078541
"15",16,1.0404574992266,1.19866075635275
"16",17,1.06324750233759,1.27978499645842
"17",18,1.05413023891492,1.31894118865656
"18",19,1.04802356224016,1.28676146422589
"19",20,1.04052995212916,1.26484918545559
