"","time","MRA","LR"
"1",2,0.998333729738321,1.00994092402005
"2",3,0.973581844257108,1.03331920396423
"3",4,0.975403154902635,1.02915009618695
"4",5,0.994991236710499,1.06960964874843
"5",6,1.01100709091314,1.07644930674743
"6",7,1.01776180835923,1.05233782458825
"7",8,1.01249379180042,1.01570024548248
"8",9,1.02914192174208,1.07506023962371
"9",10,1.01970388054041,1.0737847752456
"10",11,1.00589500475364,1.08846401728422
"11",12,1.02307312795768,1.09088960809474
"12",13,1.04351597603984,1.11084767380209
"13",14,1.05657036295405,1.12006408595646
"14",15,1.02203632944619,1.09964371009192
"15",16,1.04254821662911,1.13259894122788
"16",17,1.05403171689868,1.15019826256006
"17",18,1.0727430937749,1.16470635446265
"18",19,1.05030988838011,1.13921201814334
"19",20,1.02805482310477,1.11873810453707
