"","time","MRA","LR"
"1",2,1.01250142245761,1.00544870439474
"2",3,1.02402945720579,1.0300168787975
"3",4,1.02710631755135,1.04788002050982
"4",5,1.04972789765339,1.0537784098839
"5",6,1.01247772494072,1.03938668071849
"6",7,1.0114646095279,1.06164446034175
"7",8,0.975658839625159,1.05066562782904
"8",9,0.973838782210966,1.05239104777525
"9",10,1.01272831701173,1.10417454665773
"10",11,1.04195996829875,1.12029115742539
"11",12,1.03816644401803,1.12902054606844
"12",13,1.03002567304499,1.11467174626253
"13",14,1.01557281202669,1.09584296423018
"14",15,0.997220393756456,1.09853379555911
"15",16,1.01836002296458,1.128985512879
"16",17,1.01356871700723,1.12794770988774
"17",18,1.0354061330476,1.1605922435483
"18",19,1.0274880480918,1.16788364467055
"19",20,1.04294805973138,1.19330091780841
