"","time","MRA","LR"
"1",2,1.01446860864032,1.00799702336533
"2",3,1.02009957271198,1.04001749999927
"3",4,1.0377015910042,1.04602290473219
"4",5,0.997287380891135,1.07260138364272
"5",6,1.00453341675928,1.08790022445164
"6",7,1.02248419913553,1.09518858249
"7",8,1.01022805525338,1.06458688852688
"8",9,1.01200838593522,1.07181039359167
"9",10,1.0340834421605,1.12362160826314
"10",11,1.057536733447,1.14689829160203
"11",12,1.05225149052679,1.10108724759892
"12",13,1.04837891131096,1.05749128788717
"13",14,1.05191123379632,1.04462498461138
"14",15,1.06764694897883,1.08051516926525
"15",16,1.06717554276818,1.11427581576171
"16",17,1.03736604924167,1.08037395116261
"17",18,1.02314587079267,1.09566390088842
"18",19,1.02793571878919,1.11011113397845
"19",20,1.00792080406572,1.09513730103371
