"","time","MRA","LR"
"1",2,0.974265393289149,1.01457957830831
"2",3,1.01532257503489,1.02290052284177
"3",4,1.01378712227712,1.02990792372179
"4",5,1.02317226058347,1.01779368083792
"5",6,1.00300262678747,1.02953405730195
"6",7,1.0270449157098,1.03909369531457
"7",8,1.01615863434887,1.05816847164577
"8",9,1.04324216660421,1.13689032709171
"9",10,1.01447522803216,1.1087194773122
"10",11,1.00963502882578,1.11343177852113
"11",12,1.03054357146967,1.12290696879317
"12",13,1.04960212528813,1.15983313032071
"13",14,1.0334517781897,1.11248342362442
"14",15,1.05622900775942,1.17295702140909
"15",16,1.07893777076938,1.19557323120904
"16",17,1.03541878288041,1.15155065183257
"17",18,1.02362086382679,1.15979130031031
"18",19,1.01375881908995,1.15840362860505
"19",20,1.01083823323676,1.15669863218031
