"","time","MRA","LR"
"1",2,0.98524738373215,0.998938214238505
"2",3,0.978668417994521,0.995956440607562
"3",4,1.0296904098796,1.04840528303871
"4",5,1.00908307863873,1.02344313938811
"5",6,1.01049075820603,1.06584232269388
"6",7,1.0519970339895,1.13929722588012
"7",8,1.03161416880657,1.115315603068
"8",9,1.01080426976383,1.0888779779597
"9",10,1.03235402088271,1.09103060345631
"10",11,1.02225086909779,1.09941523804145
"11",12,1.03405439309664,1.16869664625019
"12",13,1.02955001036663,1.13924847482913
"13",14,1.06058721423777,1.16797435836598
"14",15,1.06595923826184,1.14593952647558
"15",16,1.0315656478862,1.06701170358423
"16",17,1.05076056123425,1.09393240510768
"17",18,1.0520478088363,1.12602874506149
"18",19,1.08956940856783,1.17830934383246
"19",20,1.07212778504011,1.0840510958894
