"","time","MRA","LR"
"1",2,0.979596838996154,0.99244779825626
"2",3,0.973305399911326,0.969966498035568
"3",4,0.997735179757815,0.973683277946043
"4",5,1.02371272661477,1.00161839713297
"5",6,1.00401763140811,0.965749116959684
"6",7,1.0332805211297,1.03565011906999
"7",8,1.03035546712005,1.05398457536295
"8",9,1.0591832535595,1.06846922771617
"9",10,1.0590440259725,1.09708385826105
"10",11,1.04795566999152,1.07787601680921
"11",12,1.0720279933899,1.11918834533422
"12",13,1.03307758025975,1.1117162683369
"13",14,1.03371025911561,1.12056374626003
"14",15,1.02158553444949,1.10664177369285
"15",16,1.04327302005092,1.11988363722296
"16",17,1.02973340268357,1.11952513676546
"17",18,1.01077347050108,1.09343809185151
"18",19,1.02511552443355,1.1207473108737
"19",20,1.03574380670135,1.15442033257479
