"","time","MRA","LR"
"1",2,1.011367442925,0.99288189971783
"2",3,0.991448267991613,0.982661679655206
"3",4,0.985496961664895,0.999618328779002
"4",5,0.9954313152892,1.01762123466788
"5",6,1.00777660612352,1.06855060205552
"6",7,1.02328308389551,1.10058679784978
"7",8,0.998744928347483,1.08660002931812
"8",9,1.00346026586091,1.08270799681549
"9",10,1.02824667354382,1.09534819291855
"10",11,1.00615515440835,1.09664213919895
"11",12,1.01157520742932,1.1138425698891
"12",13,1.02737213686498,1.10937514203744
"13",14,1.03240866668995,1.11472584097154
"14",15,1.04116126550817,1.13719267431801
"15",16,1.04645872475359,1.12574038002181
"16",17,1.04515726405866,1.13392582757775
"17",18,1.04097534925008,1.12152369125577
"18",19,1.02800018213706,1.09151831698679
"19",20,1.04239025498421,1.14060252890513
