"","time","MRA","LR"
"1",2,1.02977914711635,1.0347784045225
"2",3,1.0311340799871,1.04195072476484
"3",4,1.01451283638908,1.03711197191271
"4",5,1.04164273208803,1.08093725241699
"5",6,1.03517541484079,1.0763215998333
"6",7,1.01826508140053,1.05011862251177
"7",8,1.0151416601251,1.05828709230259
"8",9,1.0284088443293,1.09291217382815
"9",10,1.00728112726655,1.0585405005735
"10",11,1.02193863552392,1.07635359281629
"11",12,1.0074559325431,1.05280300045927
"12",13,1.00239837470872,1.05717065166244
"13",14,0.991043819150535,1.02279986385414
"14",15,0.97583049285183,1.01485186810902
"15",16,1.02619705169884,1.06028818745377
"16",17,1.03624840877487,1.0654591668829
"17",18,1.03543053755288,1.09597279720429
"18",19,1.04725610821804,1.11335952521753
"19",20,1.05243631125006,1.13175955654724
