"","time","MRA","LR"
"1",2,0.988521931035975,1.0058234226727
"2",3,1.01455695495708,1.03405380220604
"3",4,1.00935236419289,1.01736848537369
"4",5,1.01100651899542,1.03073181355486
"5",6,1.02830946549946,1.03455898222096
"6",7,1.04600854545113,1.06109483677056
"7",8,1.02714771727861,1.06292155848315
"8",9,0.99925009730114,1.06891045828002
"9",10,1.00757737669763,1.09761447326406
"10",11,1.02973700426754,1.09316638012914
"11",12,1.02242488818497,1.11991451720178
"12",13,0.998373063887103,1.074216859431
"13",14,1.0222887574267,1.10392087223405
"14",15,1.02236190767032,1.09094646017016
"15",16,1.03378300197523,1.10649635301374
"16",17,1.02331182673679,1.11606081291565
"17",18,1.0246762572923,1.0957680497177
"18",19,1.04225648810355,1.09068880053864
"19",20,1.0352719801256,1.09519053326195
