"","time","MRA","LR"
"1",2,1.00777533044117,0.995228942050768
"2",3,1.00081905102734,1.00079385741378
"3",4,1.0252137294768,0.984354802361829
"4",5,1.01266040494216,0.994178640693885
"5",6,1.00640588795107,0.97706293926541
"6",7,1.03158902127557,1.00895831825029
"7",8,1.02484327979436,1.03249910589602
"8",9,1.04836174002088,1.05237114198211
"9",10,1.04116366302582,1.03480083188216
"10",11,1.02571504861987,1.04138728942928
"11",12,1.02386232366476,1.04533052007381
"12",13,1.02786415031989,1.059772837007
"13",14,1.02600957282408,1.04618330952769
"14",15,1.02658218568401,1.07018193246764
"15",16,1.0304302365963,1.01709642152533
"16",17,1.01590014657008,1.01961313393823
"17",18,1.0150553194353,1.01970079926765
"18",19,1.01868063083875,1.04572107298079
"19",20,1.05584816009333,1.08025209554942
