"","time","MRA","LR"
"1",2,1.00720252505696,1.0178349573614
"2",3,0.987446461086312,1.00170784257395
"3",4,1.00349939633624,1.01324713118555
"4",5,1.00936794558384,1.05171857379852
"5",6,1.02943163249344,1.05832671561502
"6",7,1.0103850111168,1.06639213683583
"7",8,1.03748243142835,1.13011721827837
"8",9,1.01243125610559,1.13312164294519
"9",10,0.998788036058558,1.06619938459805
"10",11,1.01708343865787,1.08641621406318
"11",12,1.03945494768369,1.10953515109948
"12",13,1.04841666620094,1.1540359259499
"13",14,1.02859592209507,1.13108557640247
"14",15,1.04768026371852,1.17056032231636
"15",16,1.05501463730077,1.20180324487918
"16",17,1.0610919055509,1.22223491441527
"17",18,1.0458246595928,1.24551390338004
"18",19,1.03948701459194,1.24086530581584
"19",20,1.0469069773943,1.23248906484208
