"","time","MRA","LR"
"1",2,0.994581360891003,0.981920030221078
"2",3,1.04423482621413,1.05927429604787
"3",4,1.03729281140485,1.02720257287897
"4",5,1.04457821093881,1.04578718501664
"5",6,1.02082879679813,1.02110273045413
"6",7,1.02676746651024,1.06435480011753
"7",8,1.00029840279954,1.04341370558076
"8",9,0.986362481393675,1.03159142546502
"9",10,1.01914164219721,1.06851992185933
"10",11,1.01797039566113,1.06771773470459
"11",12,1.00901500683581,1.07663313133777
"12",13,1.00563078437669,1.08341857348587
"13",14,1.00831651982951,1.10242631773661
"14",15,1.01255231754468,1.09518601854369
"15",16,1.01927638306349,1.09362125589259
"16",17,1.05382085690182,1.16563417367125
"17",18,1.04806433619716,1.1318742169664
"18",19,1.06114618722399,1.10737870961747
"19",20,1.06014424303988,1.12372846383851
