"","time","MRA","LR"
"1",2,0.994246097927597,1.02815312427443
"2",3,1.02264885030831,1.04297437899917
"3",4,1.01795357378693,1.06166217444351
"4",5,1.01266696508663,1.1039092794844
"5",6,1.01516431557306,1.0715503360637
"6",7,1.01231214903465,1.05042369267174
"7",8,1.01113813999102,1.03145499409299
"8",9,1.01217504222856,1.02313127221527
"9",10,0.994702702366196,1.05072456232757
"10",11,0.997777393607632,1.05741312001486
"11",12,1.00518311796947,1.05859795609401
"12",13,1.01430687323739,1.04958660679697
"13",14,1.02825587266724,1.0686834741696
"14",15,1.03588159082302,1.05700905635302
"15",16,1.04701143163983,1.06179259163391
"16",17,1.03899493928358,1.05690395293096
"17",18,1.03954526153867,1.07646499152481
"18",19,1.04888811136451,1.09682710174736
"19",20,1.05623142335357,1.12137721891492
