"","time","MRA","LR"
"1",1,0,0
"2",2,133.25805696764,477.746611981804
"3",3,95.7660697439087,558.982601114802
"4",4,80.8413466845114,571.952539731825
"5",5,103.521864604388,703.312233516715
"6",6,79.8957386262413,685.458687813037
"7",7,99.958684774498,826.358240547141
"8",8,120.800106072743,801.074799783968
"9",9,123.915719529263,906.35206841074
"10",10,134.018099153134,1140.97535704024
"11",11,124.211124506388,1061.12128994673
"12",12,124.247052764564,1023.45202972043
"13",13,131.159380116275,939.464938702323
"14",14,120.50764533086,971.830554986377
"15",15,120.807207723376,933.884812137912
"16",16,113.699496263347,941.839800078079
"17",17,112.374078367676,899.36229347954
"18",18,110.241101775086,1130.72239317723
"19",19,117.588979032254,1054.89546562055
"20",20,101.288827347285,1066.77403669586
