"","time","MRA","LR"
"1",1,0,0
"2",2,116.215042900684,425.519009933913
"3",3,60.0047786111202,539.152107763806
"4",4,57.7125693626471,559.740656796531
"5",5,86.1554138254448,717.627389340184
"6",6,130.296842646453,892.876694255132
"7",7,130.089175310871,865.595578637997
"8",8,123.207701652836,958.328078073533
"9",9,116.649512153014,866.186619292927
"10",10,104.470107294458,766.128471472395
"11",11,119.291402382125,870.163460150942
"12",12,109.368240062553,848.579029416393
"13",13,108.315600878914,1244.49883060119
"14",14,129.540456461479,871.465683365595
"15",15,131.113765971876,1118.14512755156
"16",16,115.241585147254,1002.41482082942
"17",17,121.803302763816,830.671358647123
"18",18,132.914772119793,920.564280868694
"19",19,107.982043695019,915.509245177105
"20",20,108.301296155047,864.790405346516
