"","time","MRA","LR"
"1",1,0,0
"2",2,134.151036305999,486.860885479872
"3",3,84.2497365424514,550.866159595382
"4",4,95.3056317771493,668.891146188958
"5",5,108.712659493944,793.119869767346
"6",6,108.483806864552,959.943946041406
"7",7,109.06832857353,922.472489488902
"8",8,124.428435728457,1031.9103394034
"9",9,123.666249717953,1091.9225233782
"10",10,131.769423892543,1020.79753294045
"11",11,141.062695686383,1085.68339591495
"12",12,114.302571437041,1059.56359567494
"13",13,134.302156712184,1122.01466729973
"14",14,164.313185810461,1119.10553026724
"15",15,152.784499589666,1064.76429541242
"16",16,125.011098267949,1059.66018947677
"17",17,123.441570858115,1041.38773152307
"18",18,132.973038461839,1078.16379784641
"19",19,132.67275322188,889.362618220068
"20",20,111.109362216492,834.676945097686
