"","time","MRA","LR"
"1",1,0,0
"2",2,154.907067024863,529.384074793611
"3",3,98.6131655442518,529.991172694246
"4",4,100.237208039585,610.431247175369
"5",5,87.1364927066161,666.272522557801
"6",6,89.7708485847759,714.283781009279
"7",7,98.5520307382052,992.474504919145
"8",8,111.290352664657,1097.74220997595
"9",9,135.00711555897,1142.73224717127
"10",10,103.506618856058,1098.91272192408
"11",11,137.377062328599,1227.28091759857
"12",12,139.889409520084,1164.21101654668
"13",13,106.526007951589,1104.92614023282
"14",14,128.529299222128,1149.39719462827
"15",15,125.383027593702,1276.22672396771
"16",16,112.729836846083,1042.10979719783
"17",17,102.951137495868,946.056287452368
"18",18,88.000700206435,929.534183185526
"19",19,107.997901479555,1211.95463897891
"20",20,115.619130960164,1316.16370249516
