"","time","MRA","LR"
"1",1,0,0
"2",2,132.276108250536,485.827790622611
"3",3,91.0754592725173,507.365956134371
"4",4,90.4001385528479,619.439421561287
"5",5,84.6017368635148,689.014901133169
"6",6,103.974299036523,827.18223829583
"7",7,106.946197718478,815.8301117681
"8",8,113.9878061136,968.950591960188
"9",9,126.593329244617,1024.94715085009
"10",10,131.133231509854,1085.4503852406
"11",11,137.31938613665,1106.15018495563
"12",12,110.849001042197,1050.25878749203
"13",13,115.608649585739,954.905037489223
"14",14,115.55729763842,1003.47060693656
"15",15,118.633696129524,1024.52764128058
"16",16,134.93981508168,1162.65107566328
"17",17,146.611842520887,1078.67769254757
"18",18,170.848037835811,1117.70900713021
"19",19,142.563007773269,1196.19798506027
"20",20,176.61603845449,1280.51745987727
