"","time","MRA","LR"
"1",1,0,0
"2",2,128.3055080378,463.055636914716
"3",3,75.3730544600535,557.347584053476
"4",4,67.7174014674506,579.395916557857
"5",5,84.1367084323388,653.522529423586
"6",6,105.419095096465,735.215828853329
"7",7,123.564066753313,723.017817854844
"8",8,139.723506201864,894.491180634456
"9",9,135.426487032602,991.01225371985
"10",10,118.677644799508,899.328437178782
"11",11,146.766763547669,985.789253776639
"12",12,137.714426377047,860.537871309604
"13",13,123.765320811197,819.175871424048
"14",14,127.651233543058,792.962955230518
"15",15,137.788587537426,872.076471324014
"16",16,140.362051840064,1092.70699203047
"17",17,141.646495648683,1017.53770895432
"18",18,132.791875465915,1066.68315004828
"19",19,150.747627206132,1200.74997597688
"20",20,132.539710249933,1189.8581794952
