"","time","MRA","LR"
"1",1,0,0
"2",2,133.899620082692,483.45394486972
"3",3,71.796962009674,598.906062993767
"4",4,93.8129989763301,689.120179908143
"5",5,79.1494086560322,755.566389230697
"6",6,111.564915362514,890.594937826229
"7",7,98.3009559315599,774.786547921198
"8",8,106.760554569586,722.363555180195
"9",9,134.795351046845,829.539264772726
"10",10,139.952527174974,849.830327736243
"11",11,130.225368984839,853.91571542907
"12",12,134.930620739861,948.679228051115
"13",13,121.708413430904,741.861725147814
"14",14,131.011720158647,897.216998072843
"15",15,115.051649268348,950.900701380623
"16",16,131.149766217987,932.803374902298
"17",17,136.732497091531,1019.94046004396
"18",18,114.485569514191,938.360535803944
"19",19,107.718415383536,991.144462608911
"20",20,119.409455771185,1074.35216039431
