"","time","MRA","LR"
"1",1,0,0
"2",2,119.215628890435,414.666571345443
"3",3,80.6580557576859,487.853006285636
"4",4,94.0303808383051,616.943450691964
"5",5,109.837335925793,859.13098197891
"6",6,115.494503661447,943.960045987128
"7",7,128.439011389953,1078.51975681347
"8",8,147.42658778261,1031.2285561546
"9",9,135.695861591393,979.274309604589
"10",10,116.861290943843,887.403796200708
"11",11,112.299526565569,884.867304803388
"12",12,107.43242002497,868.214614927929
"13",13,119.591618390273,871.961031685344
"14",14,100.35110500049,757.765365897091
"15",15,100.377773479959,811.992875998386
"16",16,104.0049873918,905.481878982491
"17",17,115.876555878496,974.516887901666
"18",18,92.0629640665958,957.879019371878
"19",19,100.194821841941,963.918926527343
"20",20,108.632933497291,934.579835916709
