"","time","MRA","LR"
"1",1,0,0
"2",2,126.101754772485,467.826248385865
"3",3,79.594535443296,643.363163201677
"4",4,89.440542166415,729.006021665705
"5",5,122.232072611249,876.427288721072
"6",6,109.028005420717,806.976208185975
"7",7,122.390958055995,870.162260944422
"8",8,120.728102856314,925.413219734419
"9",9,123.209572124151,1106.84555911132
"10",10,112.421993544469,1122.90301597189
"11",11,109.857346591085,1138.9989919018
"12",12,137.22879962359,1204.31843858677
"13",13,157.137410142887,1320.22310295452
"14",14,153.126088062054,1458.21750346009
"15",15,131.606352965504,1283.82288426152
"16",16,120.014665645728,1214.62161165817
"17",17,118.309739012365,1315.48373315899
"18",18,138.010450977543,1271.82329995818
"19",19,125.607438258694,1267.04890577827
"20",20,132.839883532173,1234.66327146509
