"","time","MRA","LR"
"1",1,0,0
"2",2,138.134153871045,455.018439558035
"3",3,85.2624871622832,493.866394860831
"4",4,95.4900743752992,674.594364045383
"5",5,112.315883414925,721.933239243634
"6",6,107.089079469971,728.164092942508
"7",7,96.021176081554,864.381765508521
"8",8,104.165777963926,999.922016230484
"9",9,97.0441279726734,1042.64500940437
"10",10,111.272242398075,1008.41553851403
"11",11,123.842579057133,1236.6661942159
"12",12,132.436574388642,1340.99985316178
"13",13,117.943500004985,1096.33064401836
"14",14,130.389108864761,965.243239825966
"15",15,127.542248513149,1009.97552359257
"16",16,133.239840778594,929.26110046512
"17",17,130.960971496842,892.079777972388
"18",18,99.4733491951765,774.550342655068
"19",19,109.494612371764,741.250051482591
"20",20,102.040863232315,811.140799152434
