"","time","MRA","LR"
"1",1,0,0
"2",2,140.976429764054,561.134537082799
"3",3,96.3219000265572,547.683170541012
"4",4,72.4252779258893,753.368073107125
"5",5,81.2562979502022,724.597411077211
"6",6,98.5804278808392,717.793222677401
"7",7,106.243279270764,731.720422212254
"8",8,93.7760517932538,828.799618974672
"9",9,111.717280472459,942.881138069703
"10",10,128.328534666283,1021.29557013505
"11",11,112.692847505616,896.043209504642
"12",12,135.791354148099,1041.34478139285
"13",13,138.073789545006,986.116372990982
"14",14,108.270399619084,968.765838376817
"15",15,132.180740299054,1009.69631862485
"16",16,155.565615163807,1036.08253730651
"17",17,163.15079898814,1005.39122893747
"18",18,145.466788205644,1227.62355731811
"19",19,149.665161831107,1365.81815643333
"20",20,195.850594197522,1361.57799723359
