"","time","MRA","LR"
"1",1,0,0
"2",2,125.736482283818,472.176693865103
"3",3,91.1444330041491,556.901342732555
"4",4,85.2331160694623,680.466425528186
"5",5,96.472114715443,728.756840863859
"6",6,79.5147396818688,700.945376914227
"7",7,86.5096568680303,678.179254600953
"8",8,92.7186052153745,796.906178724196
"9",9,95.762789749691,780.396255322076
"10",10,89.7193467435349,916.877272239324
"11",11,118.852369178713,991.78522600057
"12",12,104.388556793716,950.955940525891
"13",13,124.731491236428,969.45741257549
"14",14,125.973311296233,929.37275255543
"15",15,116.573240185776,1003.12881051094
"16",16,112.265212651705,971.107065507358
"17",17,104.41356108766,1006.78635142932
"18",18,118.936199075203,1028.53841134748
"19",19,110.411325189956,1079.00202487133
"20",20,121.542195430375,1128.76465809548
