"","time","MRA","LR"
"1",1,0,0
"2",2,129.845551040768,540.695073805449
"3",3,84.5299727170242,513.182071949795
"4",4,98.1737687378701,725.073424433475
"5",5,124.088984368259,803.840612025637
"6",6,108.594771433245,906.817318398832
"7",7,142.223040548986,976.38993978101
"8",8,120.310535466784,1028.90728060124
"9",9,124.172158923778,995.786326991864
"10",10,139.098566057261,945.035643930717
"11",11,125.304751667504,884.026107159178
"12",12,106.2947059831,750.363812555571
"13",13,121.486034482091,898.789048702503
"14",14,110.854451035744,1092.34087604949
"15",15,142.256229424989,1226.34525502752
"16",16,161.262630060415,1306.37434017534
"17",17,152.806867435259,1251.26932088686
"18",18,142.950421435166,1129.10360453256
"19",19,161.568079051383,1139.36331238903
"20",20,153.819616015936,1207.75764927518
