"","time","MRA","LR"
"1",1,0,0
"2",2,131.515939806376,496.360669139112
"3",3,88.6699939074218,511.976285074865
"4",4,89.496011091858,607.169446572584
"5",5,92.7890726638904,682.080024678572
"6",6,95.5072721162555,752.671900124408
"7",7,92.6100739857828,654.537677615654
"8",8,114.701779646032,744.337708363204
"9",9,139.188765734158,878.702407604207
"10",10,125.237280209029,911.008353046893
"11",11,126.419437616385,836.269886397681
"12",12,118.487732617014,825.032092513189
"13",13,108.221721502642,887.338599434508
"14",14,109.100109247324,918.566652612168
"15",15,104.041707315595,1003.3328663483
"16",16,121.278695799017,974.079474338221
"17",17,146.929051512609,1171.29696824339
"18",18,128.051120025264,1237.72571744225
"19",19,116.449445420486,1072.71093221276
"20",20,110.607001662932,1092.41074888949
