"","time","MRA","LR"
"1",1,0,0
"2",2,123.512079734577,441.05454852807
"3",3,76.8304499954959,522.139085622405
"4",4,106.707846684901,686.346450421145
"5",5,104.116914496208,739.536462603476
"6",6,133.857577680039,968.808377754174
"7",7,143.216086368212,1043.08115578229
"8",8,148.591125651483,1049.66358469521
"9",9,157.82253975014,1126.89907565607
"10",10,153.920276019133,971.068568071827
"11",11,128.972424320716,870.983193312264
"12",12,127.549990547428,1041.52285737313
"13",13,114.471535978598,979.140890964837
"14",14,123.744914784939,936.586497920403
"15",15,131.741541750599,1009.33843337898
"16",16,107.255329832781,802.602546462902
"17",17,133.049356183526,960.673747845755
"18",18,126.741325446756,1069.27055403962
"19",19,135.666172777115,1020.15435059807
"20",20,121.350738931459,958.651624760364
