"","time","MRA","LR"
"1",1,0,0
"2",2,139.899768016271,518.052266420891
"3",3,76.2133457740323,518.933118548613
"4",4,87.4226754560531,599.338911879557
"5",5,103.940104066773,763.212974908824
"6",6,105.572991945537,713.658809638417
"7",7,113.925662346418,763.110179997013
"8",8,118.429178453561,894.15562671475
"9",9,124.411535210677,797.179699331625
"10",10,115.172618160483,796.950236662679
"11",11,135.969743574855,834.045386038642
"12",12,105.097168694575,810.328564205319
"13",13,97.4401555117371,826.352614229597
"14",14,112.828599762764,824.670769060899
"15",15,96.968901104952,897.586079570311
"16",16,114.687518450771,1042.88249748708
"17",17,106.108469091853,1058.70797477503
"18",18,106.114364099878,922.855759962338
"19",19,119.232677038047,1062.81351804693
"20",20,127.146306593263,1024.08260768901
