"","time","MRA","LR"
"1",2,0.995256484520649,1.02798287534709
"2",3,0.997824894233459,1.02344065273993
"3",4,1.01031022428728,1.03760540167133
"4",5,1.0279962905748,1.07598112072758
"5",6,1.05792906148941,1.10465004043464
"6",7,1.06192266885258,1.08979541159955
"7",8,1.03219808782896,1.0354205649698
"8",9,1.03172483969465,1.04982170047261
"9",10,1.04453705354548,1.12307233839159
"10",11,1.04549979084615,1.14630250556994
"11",12,1.03903205873376,1.14526104580853
"12",13,1.02762449740395,1.16741274572868
"13",14,1.04889116663461,1.18037160370722
"14",15,1.02083854704316,1.1171940159994
"15",16,1.0096288373518,1.18383821087107
"16",17,1.02022497164011,1.17995354138798
"17",18,1.04717141193985,1.1852572866099
"18",19,1.07823829685768,1.19367558360967
"19",20,1.06564629423459,1.25552949270842
