"","time","MRA","LR"
"1",2,0.956477497020971,1.00326872771624
"2",3,1.00619804001499,1.04251914664876
"3",4,1.01872706492184,1.09118256169642
"4",5,1.05403463300347,1.13677253774561
"5",6,1.04254451511039,1.18491777142204
"6",7,1.09524039925095,1.20732001825124
"7",8,1.02088087380785,1.16894002800798
"8",9,1.02559072314012,1.19460111969322
"9",10,0.992891563234732,1.10088349884511
"10",11,1.02593059514848,1.18638277815446
"11",12,1.03022932097517,1.19550353672166
"12",13,1.02422435388572,1.08527251437145
"13",14,1.06584699152382,1.17074990667381
"14",15,1.05532885176335,1.19132976165621
"15",16,1.01542592286716,1.12522091893148
"16",17,1.08054163760798,1.22638614482963
"17",18,1.05189108140306,1.21591519518968
"18",19,1.07366389468438,1.21927229523095
"19",20,1.03852149204834,1.19000599674008
