"","time","MRA","LR"
"1",2,1.01101710899302,1.06274750257454
"2",3,1.03112033176142,1.08915424321353
"3",4,1.01407181586099,1.1238489104311
"4",5,1.01279178503048,1.14409832909974
"5",6,1.00274040601692,1.16184205642593
"6",7,1.03173910838384,1.24945627332253
"7",8,1.06316998256656,1.2213529408591
"8",9,1.04759504950142,1.2439363149468
"9",10,1.05156888522947,1.25993609150388
"10",11,1.04781359207221,1.32973164564204
"11",12,1.01881542546472,1.31830747814951
"12",13,1.03161232937402,1.26333669958656
"13",14,1.05015264552064,1.32676652097301
"14",15,1.00272993327232,1.23859366137843
"15",16,1.02630227607131,1.33085508329307
"16",17,1.05197721417811,1.22162296277406
"17",18,1.05663336746092,1.27338071535894
"18",19,1.04330188291494,1.26864174121238
"19",20,1.04393424993459,1.28404547737235
