"","time","MRA","LR"
"1",2,1.0047967136208,0.993741210667913
"2",3,1.00647060396546,1.04477002186027
"3",4,1.03171340156855,1.12729582882525
"4",5,1.03095105918618,1.11780074088046
"5",6,1.03701375382304,1.10441479472004
"6",7,1.01984900274078,1.14757325522256
"7",8,1.03822562926313,1.2207913100773
"8",9,1.02362589379085,1.18019772212538
"9",10,1.01988042124019,1.14332817937768
"10",11,1.03569969632496,1.16342008834116
"11",12,1.01256224079576,1.10839296457497
"12",13,1.0142621663533,1.17848798281613
"13",14,1.03327542741244,1.24303675531166
"14",15,1.00530286127992,1.25117826623904
"15",16,1.02098840526127,1.32703278144152
"16",17,1.02951474413336,1.29771288171494
"17",18,1.03124336347999,1.26680943107653
"18",19,1.03586743323269,1.26270273300817
"19",20,1.03425867256023,1.29293593896568
