"","time","MRA","LR"
"1",2,0.994381354118251,1.05458135806802
"2",3,1.00623139311282,1.08694272113309
"3",4,1.01108949448449,1.0224362792494
"4",5,1.02843133864632,1.09302004868655
"5",6,1.04199039468877,1.13615527179863
"6",7,1.02683438237604,1.12687004225823
"7",8,1.01746574798863,1.16122227491472
"8",9,1.03960376353589,1.23883300583844
"9",10,1.02247646469757,1.18033831639395
"10",11,1.02745037704517,1.14773526382505
"11",12,1.00307506780202,1.14908572061749
"12",13,1.02074469696896,1.137024508066
"13",14,1.01711942436439,1.17342080495327
"14",15,1.04767610718214,1.16514945738448
"15",16,1.05213726183049,1.14223230139735
"16",17,1.0749870328799,1.16941724219852
"17",18,1.04819798451575,1.24993455080074
"18",19,1.05412676359035,1.2686303442606
"19",20,1.0567471721082,1.27406361066359
