"","time","MRA","LR"
"1",2,0.970139849853568,0.990124303759559
"2",3,0.99561940556015,1.03969047966477
"3",4,1.02379383716821,1.09025198462874
"4",5,1.02257383777179,1.15541871692316
"5",6,1.01776542128409,1.09104139519569
"6",7,1.04512627734857,1.20639468672815
"7",8,1.08067008908837,1.17366023846282
"8",9,1.07129748332395,1.23299367399594
"9",10,1.09337665194548,1.31146896596505
"10",11,1.04533012298401,1.25813794827374
"11",12,1.00391274451375,1.24076109306631
"12",13,1.01909615970623,1.23783031243175
"13",14,1.04844747210132,1.2601505611409
"14",15,1.04814175186318,1.12830070956498
"15",16,1.02913555016109,1.15111425089664
"16",17,1.04908347507772,1.19961454576441
"17",18,1.0640355903049,1.19731088338105
"18",19,1.02660096457282,1.19675409779036
"19",20,1.04506692071932,1.20729927692993
