"","time","MRA","LR"
"1",2,0.99940412995183,0.983342709698433
"2",3,1.03832935388671,1.03711483509772
"3",4,1.0367544773601,1.13079158404725
"4",5,1.04610666401246,1.17515480810242
"5",6,1.05243554277371,1.22087537601282
"6",7,1.04347194843994,1.19130362566912
"7",8,1.03869459480267,1.2172583784264
"8",9,1.02735507484576,1.22660069015292
"9",10,1.01659200417043,1.25621498470747
"10",11,1.00907142205935,1.25178329916766
"11",12,1.01359134857544,1.19794099028244
"12",13,1.02605385587456,1.12268709841388
"13",14,0.999767965099503,1.17601028723594
"14",15,1.02441862524922,1.19112716033762
"15",16,1.02647403943499,1.14065313467929
"16",17,1.01260189675115,1.09045093513529
"17",18,1.03284553787133,1.09766639405779
"18",19,1.05117280401939,1.22526112412857
"19",20,1.03614462492542,1.18730304109088
