"","time","MRA","LR"
"1",2,0.986620964508535,1.0511030877713
"2",3,1.00098300619169,1.05870399731922
"3",4,0.983682555163998,1.07534095459438
"4",5,1.02882495789085,1.10136993421067
"5",6,1.02168453208407,1.07194420654495
"6",7,1.01797265613299,1.09448279616633
"7",8,1.03418125245818,1.11071569796205
"8",9,1.05166341436458,1.25161084859126
"9",10,1.04963728358671,1.24760992559891
"10",11,1.09114382160864,1.30874173083796
"11",12,1.07672490387832,1.33657000635966
"12",13,1.08232762944217,1.32506130707043
"13",14,1.05445532289197,1.35400275818995
"14",15,1.06464057229306,1.37387655201873
"15",16,1.04340081746419,1.28279761581654
"16",17,1.04728062057008,1.29765118521994
"17",18,1.02531725582678,1.20041920754538
"18",19,0.986893026736712,1.23549316442731
"19",20,1.02288581611053,1.22675498373655
