"","time","MRA","LR"
"1",2,1.00487555303714,1.02754104829067
"2",3,1.02564598253698,1.00630393189163
"3",4,1.02223796319701,1.0112039023277
"4",5,1.01285387824382,1.04069183057697
"5",6,0.994802117744216,1.06519038245872
"6",7,1.02902769037042,1.13100253161482
"7",8,1.03658908631429,1.18963618703675
"8",9,1.02141980524507,1.18915489676557
"9",10,1.0549170987208,1.17570210457833
"10",11,1.03053261726407,1.16619171874704
"11",12,1.02524699942218,1.19697098300216
"12",13,1.02737578747342,1.21747564273403
"13",14,1.03148587166378,1.17109219911759
"14",15,1.03066584217703,1.24062071284638
"15",16,1.02425972204013,1.19993523112405
"16",17,1.02274910206431,1.16497602640042
"17",18,1.03191364902115,2.52800770249098
"18",19,1.05275061798325,1.70587903756448
"19",20,1.04248299012423,1.40373028963734
