"","time","MRA","LR"
"1",2,0.965611203989579,0.965194654805551
"2",3,0.999647461244854,1.04992652870989
"3",4,1.01958706472622,1.1153110946437
"4",5,1.01870341708209,1.12631753583048
"5",6,1.02623318144149,1.11022892443142
"6",7,1.00396517506648,1.06534694138938
"7",8,1.03367459049789,1.17528527950414
"8",9,1.05972015140878,1.29703793222608
"9",10,1.07925679672388,1.22902879732896
"10",11,1.08010909208501,1.28541373543268
"11",12,1.09419354059911,1.27706263122002
"12",13,1.03935484715431,1.23384649569225
"13",14,1.01841977550038,1.16994484244943
"14",15,1.04637607584449,1.25657071508306
"15",16,1.05319109816034,1.32623194801128
"16",17,1.04480101764407,1.27087582888336
"17",18,1.01450653707187,1.1773386695217
"18",19,1.03760191807922,1.25519335435425
"19",20,1.00409318561667,1.23245000552636
