"","time","MRA","LR"
"1",2,0.954423263319121,1.0333610947925
"2",3,0.977544543810186,1.03795577689528
"3",4,0.983659075204995,1.05154010134909
"4",5,0.991638387054414,1.10815401597778
"5",6,1.02865122894934,1.16220838177844
"6",7,1.0124103738895,1.17593355356411
"7",8,1.02258415344421,1.25691856440241
"8",9,1.04872864756695,1.30809377674229
"9",10,1.06442091169565,1.24163208864405
"10",11,1.05960516505701,1.2790930809063
"11",12,1.04307766754124,1.16626584946027
"12",13,1.03872866579541,1.22131628889075
"13",14,1.04970207080433,1.24111569415044
"14",15,1.01726362593187,1.2579736061709
"15",16,1.03014979277055,1.27179407107668
"16",17,0.995428213008084,1.24267114115675
"17",18,1.00830824167678,1.23093176280392
"18",19,1.06327880022339,1.22471812287204
"19",20,1.01429443991322,1.22698505886718
