"","time","MRA","LR"
"1",2,1.00386259733195,0.992919473164154
"2",3,0.998414243696787,1.07032310806164
"3",4,1.00428015127851,1.06329195832071
"4",5,1.0018726005864,1.1045629774153
"5",6,1.05430536839731,1.16911061728643
"6",7,1.03625336520729,1.14594230218246
"7",8,1.03395179092008,1.20417352214457
"8",9,1.04289197603871,1.27186359411959
"9",10,1.04656690862594,1.28398134382103
"10",11,1.07437819382598,1.27069598739513
"11",12,1.07884377263071,1.31816405157551
"12",13,1.04828297764203,1.2504648850038
"13",14,1.04490070033915,1.24684712124289
"14",15,1.08487830155977,1.3290682961369
"15",16,1.0785052243363,1.34531165106935
"16",17,1.06691118608064,1.34656925644126
"17",18,1.09578579161159,1.43566296034278
"18",19,1.075281186752,1.4387503858507
"19",20,1.08555512441673,1.46438419885173
