"","time","MRA","LR"
"1",2,1.03177282924273,1.05674959021149
"2",3,1.00634951638549,1.01305007997352
"3",4,1.04094883304342,1.0784999626066
"4",5,1.02186945901907,1.1316398023045
"5",6,1.02490461311394,1.15499608572554
"6",7,1.02747686889674,1.12487197139723
"7",8,1.03718869989895,1.13690869613034
"8",9,1.03325376270266,1.13714869170153
"9",10,1.02241444191874,1.14409995489902
"10",11,1.04944307125071,1.21133339104061
"11",12,1.03626741708897,1.27203053677781
"12",13,1.04896193042949,1.25000644873274
"13",14,1.06092185347395,1.20553129653711
"14",15,1.08248374522071,1.26156411886789
"15",16,1.06993798404982,1.29735437182164
"16",17,1.06266007655642,1.24214342610775
"17",18,1.07417310979267,1.27122728631415
"18",19,1.07125941093539,1.21095250564028
"19",20,1.07147524257455,1.19466154514345
