"","time","MRA","LR"
"1",2,1.0199779827685,1.0045386176303
"2",3,0.976558394930124,1.02405395075078
"3",4,0.989601549162593,1.09410598176381
"4",5,0.991797051418547,1.12616206712977
"5",6,0.978910832165245,1.09757884832452
"6",7,0.997312765112078,1.15747873495366
"7",8,1.01182087843756,1.17587266618226
"8",9,1.03634716212458,1.20047095339907
"9",10,0.997001197465526,1.20208738866691
"10",11,1.02067781302246,1.20545449887997
"11",12,0.998859757352676,1.16844055960319
"12",13,0.976530801285443,1.13487272752834
"13",14,1.00390367259475,1.15128483936322
"14",15,1.02247234016591,1.23923341573388
"15",16,1.05019651153032,1.36737358053628
"16",17,1.03748162550732,1.32689694019287
"17",18,1.04311982635146,1.38210886073332
"18",19,1.02504836805061,1.26337566368936
"19",20,1.05646752438002,1.31216009762484
