"","time","MRA","LR"
"1",2,0.99969532537309,1.05720562600797
"2",3,1.05443812294386,1.11843801883573
"3",4,1.03851637091494,1.18653757914497
"4",5,1.05879493010633,1.25193650800556
"5",6,1.04339167471377,1.1946834577501
"6",7,1.00640026414908,1.16850938073612
"7",8,1.01382652062668,1.1597273862027
"8",9,1.02451847862951,1.22495897852914
"9",10,1.01059913852929,1.25903604146176
"10",11,1.02523831014198,1.33092189303909
"11",12,1.05054244165012,1.38786678042017
"12",13,1.07007537633098,1.36045639024762
"13",14,1.05241608474664,1.28982197098747
"14",15,1.07039796679914,1.39387703185465
"15",16,1.0630757172882,1.3470753087165
"16",17,1.07236104981285,1.31152737547204
"17",18,1.05426478739128,1.29448211244585
"18",19,1.02469983626674,1.20760121288319
"19",20,1.02476662882573,1.22565081030764
