"","time","MRA","LR"
"1",2,0.974590410394235,0.981471812126337
"2",3,1.01726251780303,1.09172906891351
"3",4,1.02996855408835,1.02379781947747
"4",5,1.03539908271368,1.06886563928314
"5",6,1.02338504054004,1.06259575081982
"6",7,1.02206797087763,1.13615448947221
"7",8,1.03465502434627,1.16551262129862
"8",9,0.997929038859656,1.14213683893382
"9",10,1.04159902603561,1.16587406202714
"10",11,1.02617816762595,1.16144793360095
"11",12,1.0322773222822,1.11990694652033
"12",13,1.05470367798587,1.2506644015211
"13",14,1.02992911414718,1.24571355858079
"14",15,1.01682019239048,1.18076283958637
"15",16,1.02406108651462,1.14000819745171
"16",17,1.03429254318688,1.17819207798257
"17",18,1.05105189287501,1.25252006303417
"18",19,1.0134241746708,1.24711551849409
"19",20,0.996372250510906,1.23800025756282
