"","time","MRA","LR"
"1",2,0.991358330908642,1.01542551503387
"2",3,1.0143210166659,1.03861032821745
"3",4,1.03038573389623,1.09591259666191
"4",5,1.05302587535885,1.14018224450854
"5",6,1.05280975292774,1.13531179018809
"6",7,1.04670794196745,1.14912193718482
"7",8,1.03233023172285,1.10585030894534
"8",9,1.04485104286637,1.21871432649792
"9",10,1.05562287038851,1.23249917674242
"10",11,1.04261821706803,1.20339861971727
"11",12,1.04086046752407,1.15465828256807
"12",13,1.04040360483133,1.14925190529486
"13",14,1.0507514773564,1.1845880303605
"14",15,1.02016977130134,1.18576091621163
"15",16,1.01038280572208,1.14150645143064
"16",17,1.01770186471389,1.11938923712249
"17",18,0.997287830496739,1.09746700194681
"18",19,1.01924858347644,1.11980516252696
"19",20,1.00276678931459,1.14092891239204
