"","time","MRA","LR"
"1",2,0.971418536941858,0.996450686918518
"2",3,0.988201875369092,1.03430914094538
"3",4,0.993917571706436,1.02227652443367
"4",5,1.00365620300026,1.06208869813267
"5",6,1.01059586840146,1.09084557719364
"6",7,1.02045082243153,1.10953681468183
"7",8,1.01187889047533,1.11797464420079
"8",9,1.01697547220705,1.09171274646682
"9",10,1.01179975515291,1.03120214778598
"10",11,1.02087333056006,1.10249929180501
"11",12,1.01349640589175,1.10504656377261
"12",13,1.00141371466425,1.1185142641933
"13",14,1.04871677513005,1.16422606722664
"14",15,1.03633144442489,1.28538746744323
"15",16,1.03343821361645,1.22491939082945
"16",17,1.01349752888634,1.19611913468191
"17",18,1.05499017395243,1.29247010494073
"18",19,1.06557692592142,1.38015636125952
"19",20,1.07344824932923,1.31491775305552
