"","time","MRA","LR"
"1",1,0,0
"2",2,137.376426691251,452.788322490429
"3",3,80.858083511002,465.077237705109
"4",4,77.9073966317367,644.023090420278
"5",5,96.2851235132835,746.453115919819
"6",6,87.0991349640246,748.527646853794
"7",7,92.8675184023972,742.366466059967
"8",8,96.4430468375449,941.918729282717
"9",9,91.8544505416276,907.610791831586
"10",10,113.348606373587,798.65971710112
"11",11,126.424915738154,851.198727413655
"12",12,134.556017590506,907.776431721452
"13",13,153.056163774246,1002.08120953864
"14",14,135.134411591436,984.596380773907
"15",15,107.24536303208,834.099566908593
"16",16,111.234855533248,840.393089638976
"17",17,108.889281016288,779.144720932514
"18",18,89.2538325143869,886.133522735548
"19",19,139.33436015014,1010.788432607
"20",20,145.56944597784,1091.98339665795
