"","time","MRA","LR"
"1",1,0,0
"2",2,132.893927554953,503.392548413949
"3",3,80.3108505681951,630.013628614292
"4",4,96.0379973526424,699.734103412603
"5",5,87.2524044699695,847.963037400176
"6",6,98.9514201027145,823.810701273388
"7",7,84.8218941599835,852.931636514584
"8",8,112.964117046842,871.010956328955
"9",9,141.584587743472,825.006642372383
"10",10,133.65587841207,920.318077089974
"11",11,140.586550650116,1018.10581332265
"12",12,114.869384572913,1097.79098805789
"13",13,135.680848004773,1036.6425527212
"14",14,150.942243618346,1081.87178489539
"15",15,150.852812795672,937.780104513097
"16",16,145.490051414547,1094.86706755618
"17",17,150.961364772468,1181.46628557566
"18",18,112.912280133798,1182.62179143857
"19",19,97.9288348840277,1058.58009326829
"20",20,126.888213277113,1251.06822597635
