"","time","MRA","LR"
"1",1,0,0
"2",2,133.863632991999,473.678850470404
"3",3,89.0890694466888,577.833266504172
"4",4,86.8926280056181,788.682176243324
"5",5,118.754773221725,826.242382148057
"6",6,136.093793856743,892.191474164654
"7",7,151.605159525452,1031.2822240182
"8",8,130.189340174572,1088.41074775937
"9",9,154.042832607416,1057.39766745085
"10",10,126.730357427012,963.047906924173
"11",11,138.121420422382,1013.63564384335
"12",12,127.86677381449,1066.63918296609
"13",13,116.307598629372,972.145705284271
"14",14,115.686539471928,872.959755611211
"15",15,135.750298788053,920.781854306598
"16",16,112.704901104306,980.579617888962
"17",17,119.71847629188,967.286260840321
"18",18,135.241779971257,1040.60254203587
"19",19,108.292355117346,1071.88183216812
"20",20,125.728803300446,1103.09964014584
