"","time","MRA","LR"
"1",1,0,0
"2",2,126.75110691697,514.322992175219
"3",3,73.5558978663528,569.344908362775
"4",4,68.9651834410899,712.82420165126
"5",5,99.2520165351989,657.741056079181
"6",6,103.214761929424,770.896491258086
"7",7,107.979097301681,784.535893129598
"8",8,124.142454449098,961.495665891142
"9",9,151.077698281149,1010.28767141923
"10",10,140.445544785222,936.108749643379
"11",11,124.705769318618,918.023521633954
"12",12,143.499525841104,860.640832037158
"13",13,127.243086553861,1206.88631813895
"14",14,130.58626907569,1195.27575909761
"15",15,140.383889340901,1307.3375016603
"16",16,128.124427882791,1167.1326941499
"17",17,140.550728247699,1136.24213216826
"18",18,132.102905367846,1175.46755935736
"19",19,127.3641389497,1167.10364972121
"20",20,104.252650628972,1076.25382521347
