"","time","MRA","LR"
"1",1,0,0
"2",2,159.917004130448,532.182775374054
"3",3,92.1787639720128,571.623782236177
"4",4,77.0179000058677,622.177575276078
"5",5,96.6958997848922,642.725837208499
"6",6,115.295263986724,715.674103636622
"7",7,97.7912132575889,662.112833224488
"8",8,113.852194868115,917.699832473632
"9",9,103.666120555595,922.879531940431
"10",10,95.1168158317492,1111.31048115131
"11",11,108.16245344131,1098.7296999359
"12",12,82.747060829702,1020.56290208314
"13",13,103.451274065744,1287.62533297385
"14",14,105.067448496014,1114.72711428234
"15",15,122.345004825487,1267.38483631301
"16",16,132.958858938108,1425.84869519556
"17",17,140.101369103703,1424.99767815371
"18",18,151.953461258303,1416.95562570063
"19",19,159.855675727975,1379.96077141895
"20",20,147.122357657654,1185.52207227062
