"","time","MRA","LR"
"1",1,0,0
"2",2,120.584799567006,398.181074832141
"3",3,74.0031523890165,454.283491606226
"4",4,91.2407891143692,598.248465918642
"5",5,102.647985511362,703.638339475248
"6",6,91.1534997350291,874.815885575978
"7",7,103.778703931458,799.377866725436
"8",8,90.1543060480101,917.132012537428
"9",9,136.921493499012,856.244692053977
"10",10,110.311398150075,881.035953961096
"11",11,117.772044205807,938.164879122899
"12",12,117.832294343291,1012.42528901607
"13",13,99.9036629097524,1098.82699693318
"14",14,100.286973856224,1143.2858925269
"15",15,110.662425825508,1004.26582213566
"16",16,118.145274099266,879.237453558848
"17",17,123.574205948203,972.724381189778
"18",18,122.034700938337,1115.26579793808
"19",19,123.95466444469,967.435229735323
"20",20,155.291371135354,1146.46999190574
