"","time","MRA","LR"
"1",2,0.992801179512408,1.0354087832049
"2",3,1.0056304353223,1.05661467745721
"3",4,1.00039220393158,1.07296779342179
"4",5,1.00696559179688,1.04112252670722
"5",6,0.995448029269167,1.02338686611963
"6",7,1.01581298077606,1.14335753549273
"7",8,1.02679056996643,1.12359073616693
"8",9,1.06177350746788,1.16971725250047
"9",10,1.03707104981587,1.20835308331003
"10",11,1.0350905838732,1.17859138205852
"11",12,1.0372555405599,1.17454270476994
"12",13,1.03943215546797,1.1569755381623
"13",14,1.03409261027522,1.19402915122794
"14",15,1.04046897502332,1.18251825936595
"15",16,1.04056281771445,1.20196677818758
"16",17,1.04080917069168,1.28820946663112
"17",18,1.03615277334566,1.25623716563607
"18",19,1.05014309265244,1.29052606856664
"19",20,1.03892706833003,1.29161654190717
