"","time","MRA","LR"
"1",2,1.03786274010239,1.0629118247767
"2",3,1.0279342050092,1.07583453864819
"3",4,1.00953378509848,1.05709120083598
"4",5,1.00099527533217,1.07478574732925
"5",6,1.01245292606098,1.03603417733114
"6",7,1.00446136351883,1.04146399085798
"7",8,1.04007562484657,1.10362137639544
"8",9,1.02574946017267,1.13151623508552
"9",10,1.04535168271763,1.22533579259806
"10",11,1.0503306117426,1.27842401663902
"11",12,1.02047228052741,1.32239610247151
"12",13,1.03342640165476,1.36854474684855
"13",14,1.02291904082136,1.31752767116264
"14",15,1.02077196010718,1.32430732108568
"15",16,1.01980294474572,1.29864667882277
"16",17,1.02711450755019,1.31178928864142
"17",18,1.01412395445281,1.27670186747921
"18",19,1.05511355091352,1.32083849916209
"19",20,1.06371667897248,1.25841006174605
