"","time","MRA","LR"
"1",2,1.00751608951599,1.05411520746273
"2",3,1.00422041532713,1.05899482124569
"3",4,1.0348362630938,1.10858853775153
"4",5,1.0206845874864,1.12006420754511
"5",6,1.00816208509836,1.09568020664186
"6",7,1.03924196656108,1.19409134020433
"7",8,1.02849419397655,1.25896768634843
"8",9,1.03272355288304,1.14417086852263
"9",10,1.0225914224602,1.1419346311758
"10",11,1.02861583563461,1.17799068778299
"11",12,1.03011218647288,1.17774879717947
"12",13,1.04245377743684,1.21838308359254
"13",14,1.05447836717211,1.17529748460962
"14",15,1.04088596099606,1.2109781586486
"15",16,1.05732834065241,1.23353746550375
"16",17,1.04685921511842,1.28869571596268
"17",18,1.03721851879036,1.24880220592393
"18",19,1.03096153332754,1.24207721993037
"19",20,1.03218608553486,1.26355913015078
