"","time","MRA","LR"
"1",2,0.975995355259087,0.983357721746496
"2",3,1.00640070669544,1.02430143008894
"3",4,1.04423223977445,1.05625005721926
"4",5,1.01560535003171,1.05010240293738
"5",6,1.0176806129972,1.05448310051543
"6",7,1.04242941584139,1.05831739509645
"7",8,1.02002367040824,1.07926214537035
"8",9,1.04034935185963,1.14811621466401
"9",10,1.05746948910433,1.11889586254166
"10",11,1.05101065823214,1.19025131264392
"11",12,1.04921725115461,1.14712098164666
"12",13,1.0635174929054,1.14681569899774
"13",14,1.04520497180129,1.1346678922106
"14",15,1.04931576613555,1.15736326483196
"15",16,1.07560308753161,1.18207337130221
"16",17,1.04153603778843,1.15803420464607
"17",18,1.0564639553807,1.1624627035654
"18",19,1.0617506528543,1.2110652238404
"19",20,1.0686149605524,1.21404398892788
