"","time","MRA","LR"
"1",1,0,0
"2",2,135.927885802945,492.345961386587
"3",3,85.5317759599461,499.322739640725
"4",4,80.4614954835693,600.744150147628
"5",5,99.864715017012,593.42368510204
"6",6,111.105738878353,719.603951552936
"7",7,115.828632587868,771.265262658737
"8",8,110.977995791675,944.918717052929
"9",9,120.869750670292,916.804261115092
"10",10,142.767977951424,1003.80090291087
"11",11,142.630573480278,1045.13142986142
"12",12,143.640052381062,1138.21529670755
"13",13,166.029922728072,1256.23702026481
"14",14,159.543524989282,1224.72576213502
"15",15,165.940969010352,1115.84621083287
"16",16,171.735971972688,1031.7717195591
"17",17,176.093598393908,1112.11723281227
"18",18,146.642179329293,1160.23473647857
"19",19,129.972099396885,1182.56058970733
"20",20,128.223846348907,1138.4242797434
