"","time","MRA","LR"
"1",1,0,0
"2",2,133.297617381344,498.595977566241
"3",3,99.89501656883,700.1315936071
"4",4,98.3824575131716,818.489388137233
"5",5,96.5659383515758,974.378381995407
"6",6,86.7718569230188,894.661368064518
"7",7,100.935385115353,1007.10630885723
"8",8,110.652734273851,904.8365660645
"9",9,152.896620575878,1042.34295675797
"10",10,136.673151885184,892.947686631326
"11",11,115.286492400382,934.70770378781
"12",12,120.60189294869,961.160208964726
"13",13,130.038728598567,1209.30854703188
"14",14,112.010364307971,1040.6699480486
"15",15,107.200606298922,1126.89933920194
"16",16,118.388521637425,1115.62176913595
"17",17,101.938975526759,1136.80458811304
"18",18,103.418948460787,1100.69452033186
"19",19,108.940355686378,1166.1812559686
"20",20,127.345254068623,1311.59251941076
