"","time","MRA","LR"
"1",1,0,0
"2",2,131.884812549626,422.911958377765
"3",3,83.7902691095376,498.803103700102
"4",4,73.6756185330053,505.856079004618
"5",5,97.4248695923208,739.411346275465
"6",6,104.061448713074,786.869058403056
"7",7,121.181256879561,848.331825794774
"8",8,118.564892199129,953.053361263339
"9",9,109.809392608182,827.692914832727
"10",10,123.981683865184,878.668119316513
"11",11,135.799895756093,991.200173145955
"12",12,109.082778420401,1020.05664907221
"13",13,135.852852258921,1001.25175160721
"14",14,135.412849824811,996.332639869408
"15",15,117.680091356289,1092.92769043631
"16",16,129.50307213141,1009.64865545927
"17",17,126.52236707337,976.371528428882
"18",18,131.916308221634,1033.37325444861
"19",19,121.563769800191,1167.62786420951
"20",20,104.92231954707,1187.48817670128
