"","time","MRA","LR"
"1",1,0,0
"2",2,132.71156153101,496.001398690429
"3",3,99.3502840541241,554.631510413191
"4",4,92.5338948656239,647.110072703354
"5",5,103.892590530938,830.558641319485
"6",6,116.64687395303,876.091286334241
"7",7,140.850579682208,968.063796213374
"8",8,153.151851688076,1206.23665465072
"9",9,146.961254546289,1373.92238643844
"10",10,159.282485080887,1144.26915597394
"11",11,160.436484236722,1154.60627727895
"12",12,159.221530768699,1131.6430803782
"13",13,149.841527166739,1152.51162598809
"14",14,154.326342062773,1184.48396710683
"15",15,160.971535383572,1286.42495894128
"16",16,152.490672055698,1265.95475071347
"17",17,122.796682259106,1185.61150506676
"18",18,123.579350350679,1009.33074328832
"19",19,127.301472760455,948.48890085042
"20",20,122.269862093681,1011.43741092955
