"","time","MRA","LR"
"1",1,0,0
"2",2,142.475848503674,489.223661707157
"3",3,92.4369278020544,541.679396749642
"4",4,78.973706268552,681.780796047186
"5",5,102.491939154941,739.629245095688
"6",6,128.084030500457,775.703905309184
"7",7,128.779523742347,845.731007602967
"8",8,127.298892381596,982.808467086636
"9",9,107.784403480266,1115.77640030514
"10",10,107.613978367731,1084.18370722377
"11",11,119.815499789722,1031.28703004014
"12",12,150.930153047727,1101.89860479493
"13",13,155.901788288385,1149.18618926701
"14",14,136.58656461817,1086.59356574545
"15",15,145.52616987578,1088.24100627017
"16",16,140.19023196231,1282.18048490846
"17",17,135.960821347216,1214.21454184386
"18",18,140.87834265505,1172.27198022982
"19",19,153.125308384427,1251.16620847078
"20",20,116.06970864629,1240.88757652163
