"","time","MRA","LR"
"1",1,0,0
"2",2,128.339572237184,474.868382677411
"3",3,95.9801123044343,623.672972338984
"4",4,97.55033599912,784.162698481002
"5",5,78.9641556689936,617.153933678525
"6",6,121.270567513351,745.656237566423
"7",7,110.928763597171,761.195672835769
"8",8,124.613305775847,972.835377754935
"9",9,134.138424316348,1026.79970548098
"10",10,126.299784668226,1032.53045689416
"11",11,145.025054542893,993.181913640821
"12",12,145.517826803457,1030.79098456648
"13",13,150.396067369274,998.542933975411
"14",14,176.213074889273,1141.91070404156
"15",15,140.565670598384,1253.4598899348
"16",16,113.155530889338,1318.56583632701
"17",17,120.091369822021,1601.25543454265
"18",18,118.740005957211,1583.16829864906
"19",19,110.231355565133,1440.0380126599
"20",20,135.266090410302,1648.49961554184
