"","time","MRA","LR"
"1",1,0,0
"2",2,152.914882520849,515.422835021837
"3",3,69.8687378774526,584.682701501101
"4",4,67.8797772269902,615.398510947646
"5",5,79.4426790301586,672.256550654896
"6",6,83.4428214368106,776.785512343586
"7",7,99.2153231345414,865.988215385654
"8",8,96.645559677328,1125.48635028049
"9",9,98.9541423440918,1178.79476030327
"10",10,111.108544678594,1140.88180961196
"11",11,125.44333105979,1195.6116294253
"12",12,129.351862426419,1053.09807679768
"13",13,154.710616554312,1039.50871979819
"14",14,158.612356721505,957.214554032091
"15",15,156.691843699409,997.22391116638
"16",16,137.004430705457,950.402126180272
"17",17,138.151032448435,1073.86187159903
"18",18,163.183604667354,1268.89758688575
"19",19,147.250016852925,1199.48582618285
"20",20,136.839394376749,1090.83441721743
