"","time","MRA","LR"
"1",1,0,0
"2",2,127.729136359049,434.973072697493
"3",3,73.9420269268996,486.776171462067
"4",4,70.5314233426009,657.736844138281
"5",5,80.0381859468637,688.131130720075
"6",6,102.286566373152,831.037370412066
"7",7,90.6106819396673,748.926868116733
"8",8,109.799166911561,872.405319379195
"9",9,123.474231378601,829.158360118502
"10",10,127.655313738577,881.254480411912
"11",11,138.665341479653,956.025798165094
"12",12,114.216754551263,941.821099911607
"13",13,124.72006942852,905.024901626159
"14",14,129.09116796314,1017.79943645205
"15",15,139.690632215955,1099.92375197315
"16",16,128.727135039216,1178.01320897008
"17",17,124.271434783438,1278.4014403367
"18",18,110.350435568492,1263.65941675452
"19",19,115.171677070829,1401.62250977738
"20",20,101.837542831485,1304.16973897863
