"","time","MRA","LR"
"1",1,0,0
"2",2,129.369393351132,502.511574913364
"3",3,103.163465394788,665.160709975853
"4",4,113.729982052336,617.777993566773
"5",5,92.3709013729706,702.370956614593
"6",6,96.6590465398738,773.487217237854
"7",7,109.297272959746,703.973614649421
"8",8,96.252253955796,748.057329105427
"9",9,97.6088927805396,863.751756973669
"10",10,146.728383613637,996.385220500029
"11",11,147.486366882164,1205.15691317751
"12",12,115.885350307603,1142.87006280135
"13",13,135.276144777004,11477758.5221566
"14",14,130.848708561207,1038.15686220747
"15",15,110.735395518886,1100.18659896969
"16",16,115.715922761271,1053.12850778447
"17",17,102.273176821783,995.314360627529
"18",18,119.437627101737,1069.80388808633
"19",19,142.763176739446,1073.54423758954
"20",20,132.852056039296,1058.23301036385
