"","time","MRA","LR"
"1",1,0,0
"2",2,114.420718154533,460.159175580393
"3",3,76.8205047583134,559.628437017262
"4",4,80.2401644365967,621.218657089814
"5",5,82.3083050394657,614.139942208632
"6",6,76.859836493196,667.788283525029
"7",7,95.0139439127194,637.168043189707
"8",8,90.5416606356588,752.817525069814
"9",9,94.5068346672708,657.88783916537
"10",10,91.5916538110056,778.438067614113
"11",11,99.5355040123534,933.530507814998
"12",12,103.122519409644,917.583365790485
"13",13,136.376393666483,1089.62879508006
"14",14,141.718658501342,1074.68207205286
"15",15,139.690919971684,1011.85394442548
"16",16,151.159560928538,937.640956895572
"17",17,173.450190418393,995.210223519528
"18",18,150.335121855294,1220.98995335278
"19",19,125.619078347203,1115.05420239986
"20",20,133.63940046226,1065.79893457735
