"","time","MRA","LR"
"1",1,0,0
"2",2,128.691671341746,500.68441051915
"3",3,74.0611851249139,518.62619611778
"4",4,103.074164826057,729.412832275047
"5",5,126.166944862266,853.086205193055
"6",6,137.459788064456,937.094027327881
"7",7,123.473465827279,1065.416015666
"8",8,154.127965688137,1110.76625905121
"9",9,141.932409807624,1233.40697566725
"10",10,172.664503218812,1185.57281381537
"11",11,164.914856079282,1215.54291106446
"12",12,151.817892209605,1344.76441190006
"13",13,146.183161469271,1407.21645463684
"14",14,139.53435413914,1376.082835906
"15",15,142.300652658597,1392.36635018053
"16",16,155.934775252421,1443.05901413069
"17",17,150.074134914816,1329.65501126414
"18",18,156.611172139152,1263.90962039302
"19",19,152.338203296956,1270.27034005534
"20",20,143.315696910572,1198.21902836981
