"","time","MRA","LR"
"1",1,0,0
"2",2,112.256030763621,432.155287939021
"3",3,74.2996819199109,471.947628865908
"4",4,82.9851993262591,583.557678834383
"5",5,88.7199228773367,635.778004570117
"6",6,97.6572214427905,733.762578464198
"7",7,114.523132162165,770.420752831504
"8",8,102.081707032149,853.431994705365
"9",9,125.049245784547,934.409480356074
"10",10,120.829829612122,906.123422277341
"11",11,130.930133448162,902.676778967678
"12",12,144.908849110316,1030.06773036581
"13",13,136.958460207718,1027.63770589693
"14",14,92.2911200276841,972.716878934914
"15",15,135.516994633107,1050.99922269852
"16",16,139.201852046419,1115.2223094098
"17",17,124.988655611911,1193.59583390523
"18",18,141.998334743197,1184.69541001477
"19",19,125.808586514416,1156.42402002411
"20",20,123.755011958478,1072.5548021518
