"","time","MRA","LR"
"1",1,0,0
"2",2,119.908462843916,426.440819099123
"3",3,91.4678830113194,468.420200880951
"4",4,79.6563367324241,571.064526266321
"5",5,100.480922740023,772.840580873141
"6",6,99.9781386642528,773.208994038637
"7",7,96.9526457626666,699.601793407324
"8",8,109.008638114189,679.151232225855
"9",9,135.490264977928,783.900119481782
"10",10,135.692862154072,893.02507008221
"11",11,131.860220740867,878.019901874343
"12",12,125.324593996071,800.342780800848
"13",13,122.784037678917,835.948502112192
"14",14,122.65378301833,854.775124219995
"15",15,124.971830033609,1004.44845777886
"16",16,148.471489939357,1071.16706433407
"17",17,159.448730054067,1304.06774551246
"18",18,146.098819000095,1222.52846287015
"19",19,125.096041492488,1063.47259757738
"20",20,108.987410931885,1026.70729136923
