"","time","MRA","LR"
"1",1,0,0
"2",2,134.087222374459,451.335835842445
"3",3,72.3522394624936,480.354176917659
"4",4,96.4221886034795,584.712785507518
"5",5,107.38908255137,651.702605806966
"6",6,101.855980865976,629.701733332177
"7",7,78.2984203733026,597.045094795734
"8",8,89.7914700305557,641.690247978924
"9",9,85.6161775350118,669.944138606416
"10",10,125.611351900645,802.107500473062
"11",11,131.677646951541,919.346949163668
"12",12,135.910717662098,909.541060227545
"13",13,110.208231194754,860.488277929285
"14",14,122.605707651199,953.563843680011
"15",15,108.4450400489,1143.42944349865
"16",16,118.135680558595,1060.44919688706
"17",17,114.33888683699,1068.15050154258
"18",18,122.460927805623,1200.0962950883
"19",19,132.85730976642,1263.90000432814
"20",20,134.300545922011,1375.85118685008
