"","time","MRA","LR"
"1",1,0,0
"2",2,126.498890635123,483.946739240467
"3",3,61.7268746695946,549.648828053183
"4",4,89.8224311440973,609.626103022309
"5",5,94.4222269137534,711.848302225198
"6",6,104.092921190863,750.515466031776
"7",7,97.6939932861701,680.178065609051
"8",8,136.175373954086,769.724393819515
"9",9,153.998295081638,790.356804058139
"10",10,149.407061959104,774.782434123421
"11",11,147.033227669464,887.83117722211
"12",12,143.188277847199,927.211385513799
"13",13,119.692109283245,1116.16377935299
"14",14,98.1663302369257,990.389458255351
"15",15,95.9921904262229,1032.5586747835
"16",16,118.228999242753,1049.99231745725
"17",17,142.583579690991,1096.96178386175
"18",18,121.620503014031,1014.28014750663
"19",19,136.825500137149,1085.50732189167
"20",20,154.114877437769,1087.16375004009
