"","time","MRA","LR"
"1",1,0,0
"2",2,126.115734590937,452.809979250617
"3",3,84.8441540981128,475.238986077782
"4",4,75.5759818015349,586.014847812014
"5",5,83.9010724213171,749.932868627512
"6",6,116.033630963428,863.183321612458
"7",7,129.594393269837,861.611145100193
"8",8,115.352188841267,1068.31965144993
"9",9,133.670000347142,1056.27489243994
"10",10,122.705276002673,1031.81418709464
"11",11,147.40949309977,1249.29607835229
"12",12,166.537844402958,1206.44661033234
"13",13,152.122662705957,1238.46988738408
"14",14,123.110117834119,1253.18920350353
"15",15,159.495209840609,1422.7114122244
"16",16,150.672674659682,1358.46028015554
"17",17,176.87025201688,1187.05029452677
"18",18,160.588721706763,1113.24762667513
"19",19,180.176564723986,1219.78127357395
"20",20,165.276913903244,1332.81058068079
