"","time","MRA","LR"
"1",1,0,0
"2",2,154.80766335114,507.616934995481
"3",3,58.3120677055107,517.312714958137
"4",4,87.7914409838598,675.587605183931
"5",5,96.1342882773588,645.43827351149
"6",6,91.9362790417679,761.224986906992
"7",7,105.819152442183,656.190396312056
"8",8,107.65539491872,676.890622958556
"9",9,124.088850430849,794.742202383875
"10",10,140.432393751102,820.150641697005
"11",11,146.499892072914,939.827038730941
"12",12,121.514160354452,1063.97587772802
"13",13,126.220535085308,1257.98384323289
"14",14,116.772213313512,1088.96833031063
"15",15,101.892243625519,1122.81252366341
"16",16,104.339919815114,1096.77651023753
"17",17,130.913996965799,1109.30262318262
"18",18,129.363736058727,1210.28846506487
"19",19,115.208671913061,1290.00331841315
"20",20,111.291246497941,1102.50219008651
