"","time","MRA","LR"
"1",1,0,0
"2",2,137.761172022878,473.655210670029
"3",3,91.8914719708389,535.915705879782
"4",4,95.5725809124821,615.188597177535
"5",5,95.0050318185554,677.457569550455
"6",6,114.830012678334,697.300010109939
"7",7,119.610426008385,674.625898773534
"8",8,110.111875735567,820.289967519687
"9",9,110.468724817288,773.621145241227
"10",10,124.060541032759,815.989452379466
"11",11,141.723724170574,951.91740501466
"12",12,131.375368634772,843.166373968776
"13",13,109.469611433839,854.044888285123
"14",14,102.899678446622,1062.23820485656
"15",15,131.790761596237,1077.59050475599
"16",16,112.693218660933,1037.33918280314
"17",17,125.311442963751,1025.49225805378
"18",18,128.181881528726,1037.333785198
"19",19,128.633628629826,992.821801833056
"20",20,99.426892178355,965.815390585822
