"","time","MRA","LR"
"1",1,0,0
"2",2,118.245704460916,496.153100022336
"3",3,87.8524692528025,567.973466000575
"4",4,82.2186137612354,674.226342122309
"5",5,76.6056721912346,799.576053150313
"6",6,74.8956440016937,780.924696146457
"7",7,81.3448178785491,783.076134907044
"8",8,87.0848808962569,724.382061122481
"9",9,109.404682921975,714.915085619779
"10",10,120.012412830136,706.25112292084
"11",11,99.6909881401053,783.219146279728
"12",12,101.834491134281,851.8177119862
"13",13,104.760591296893,887.923993150869
"14",14,114.448442524612,855.153712015594
"15",15,112.537416468723,1045.44127475756
"16",16,103.627458693288,1087.0229469135
"17",17,131.280445066165,1140.69513339621
"18",18,130.828452653184,1135.34051572493
"19",19,133.495040108524,1067.60708548353
"20",20,131.956292873009,1056.02098308249
