"","time","MRA","LR"
"1",1,0,0
"2",2,151.479273545859,509.280897641215
"3",3,69.4098959911638,497.63987705075
"4",4,68.8821017591644,618.216613415493
"5",5,91.3907098756811,682.144641273145
"6",6,128.970364196183,674.556386669091
"7",7,119.0850793963,706.541079805406
"8",8,118.768720300634,890.488000805292
"9",9,96.5139869522153,874.381880169503
"10",10,112.450778578901,676.399569257265
"11",11,107.179293090684,723.806144818413
"12",12,113.327831453477,783.986256310095
"13",13,96.6300173065098,851.113466400742
"14",14,118.688380023545,1038.33170704784
"15",15,129.1304704037,1085.94380908321
"16",16,132.561410247029,1087.74352789935
"17",17,138.156490430394,1070.48358122954
"18",18,134.664541272095,1123.58470564472
"19",19,161.055158363645,1315.53929345778
"20",20,104.111174754031,1234.14997786857
