"","time","MRA","LR"
"1",1,0,0
"2",2,137.037888217496,457.410930493695
"3",3,81.9055965455631,522.015276678719
"4",4,77.2171143155319,661.849972199333
"5",5,81.0658309695917,725.878985784548
"6",6,121.157701036874,840.119415779649
"7",7,122.434707060336,855.796303314927
"8",8,134.406767190675,1021.5461034312
"9",9,122.106520372144,959.740764520854
"10",10,137.044832539752,962.676550833335
"11",11,134.463657115126,1010.43707836692
"12",12,156.235571787909,1045.27107658699
"13",13,120.831963095247,943.866829525255
"14",14,103.577548114203,1061.37443852388
"15",15,122.825631630954,980.780650609539
"16",16,107.191357729618,854.069370697453
"17",17,132.28247663823,843.074969398781
"18",18,148.757128677791,1011.67904128308
"19",19,136.06641909379,1005.12300512685
"20",20,127.141128205626,1075.63105666725
