"","time","MRA","LR"
"1",1,0,0
"2",2,129.204399416219,522.656687337287
"3",3,85.2586638131577,637.291706361098
"4",4,88.7977770412617,728.628659913577
"5",5,96.4580345698254,771.000696437168
"6",6,102.149923280818,771.891013747366
"7",7,100.848368041324,788.90863181911
"8",8,114.341187905453,952.329605500196
"9",9,135.853412648681,903.241058853781
"10",10,136.589998123805,940.028408876599
"11",11,121.838991459477,883.332700283533
"12",12,154.406376045182,1088.71158764413
"13",13,127.802859439081,1084.86127325232
"14",14,110.447640547639,1101.61952853109
"15",15,117.549647872351,1082.49590226912
"16",16,143.648418577775,969.151541975375
"17",17,153.34144326588,1071.94063051007
"18",18,148.118032821071,974.610155233356
"19",19,143.093762576195,1067.00416479409
"20",20,140.179322464726,1225.20580431809
