"","time","MRA","LR"
"1",1,0,0
"2",2,129.491712369204,445.571464780873
"3",3,83.0398271211662,511.994622535607
"4",4,79.8457571841188,573.783200817605
"5",5,110.168220013251,701.113019071532
"6",6,112.224997314241,690.271305103378
"7",7,115.235955434005,716.874753876447
"8",8,99.3554226347518,876.185921214375
"9",9,124.041612366552,983.827840249406
"10",10,124.547109992032,1047.73187461097
"11",11,98.0908541797093,1188.57873715355
"12",12,135.742372081849,1205.85611288145
"13",13,183.594783246722,1476.3314628076
"14",14,164.115308788153,1381.57535197521
"15",15,160.72741685244,1363.6629955814
"16",16,157.717578633158,1699.88354924067
"17",17,186.714101154756,1599.75152146959
"18",18,183.525411137306,1567.7293495821
"19",19,172.189992105453,1494.66203197217
"20",20,163.292346353409,1497.39052302685
