"","time","MRA","LR"
"1",1,0,0
"2",2,132.712390372918,432.705087515955
"3",3,73.8563297210662,507.7792022954
"4",4,63.3300168908585,628.618170796956
"5",5,93.7987941230595,800.804289480508
"6",6,92.4728923278204,922.439430308649
"7",7,87.0435810315124,824.018119934995
"8",8,102.344509251938,810.415372835309
"9",9,114.208391982093,930.735704051415
"10",10,86.1532679124265,895.808908851856
"11",11,118.117649294558,944.676266507049
"12",12,110.884751295648,965.779412859811
"13",13,120.330947270601,1073.11281990316
"14",14,136.486826142521,1027.8668836022
"15",15,148.924331243563,1030.60006170893
"16",16,146.427298098261,1197.89782242987
"17",17,153.936185977904,1122.00645457435
"18",18,130.653753965619,1143.90225325315
"19",19,137.818166251392,996.444555951054
"20",20,122.497404348483,1057.73988580446
