"","time","MRA","LR"
"1",1,0,0
"2",2,129.457634082178,478.373874877107
"3",3,91.3587199407984,546.863653909382
"4",4,83.4526440295031,686.796831620713
"5",5,93.2491337501772,782.288689356591
"6",6,126.246205563658,1018.26023953039
"7",7,111.993881460653,934.502826984247
"8",8,144.317480919409,972.805490800479
"9",9,153.293775244938,18253587553655.4
"10",10,147.717604069,1080.64935387167
"11",11,140.842430121229,980.050997355984
"12",12,144.642920723968,959.014091516635
"13",13,120.552168020564,995.195630811784
"14",14,110.939317483801,1053.16268363963
"15",15,131.617084353781,1005.01644671382
"16",16,152.02005613443,1122.49944542996
"17",17,152.030479797594,1116.38130204664
"18",18,151.406583375289,1072.35231757272
"19",19,136.53660826173,1046.60552546683
"20",20,130.752960518254,1255.93550174344
