"","time","MRA","LR"
"1",1,0,0
"2",2,142.3598035424,494.604928875835
"3",3,78.2053730406263,658.633579922114
"4",4,108.402018133735,718.530808347585
"5",5,99.4378149692934,705.066374397757
"6",6,120.322089338028,764.954555667069
"7",7,107.680424442569,808.357828707458
"8",8,134.047896867372,814.774848621193
"9",9,126.775732833913,928.250786720278
"10",10,148.394383854522,1120.90742219536
"11",11,121.750733513613,1190.76710841553
"12",12,128.729714581635,1240.24008943809
"13",13,114.858216420434,1102.57772282029
"14",14,152.396062468736,1310.37659297057
"15",15,147.369702818464,1455.05666318875
"16",16,175.999722842401,1354.64741453291
"17",17,147.489865097519,1178.41934522087
"18",18,124.427453019922,1074.49195779506
"19",19,130.4535032256,1040.78946640893
"20",20,126.481273903392,1108.94456516465
