"","time","MRA","LR"
"1",1,0,0
"2",2,148.579313865237,493.975224717373
"3",3,91.8662381153349,588.637307394384
"4",4,81.4522852109191,673.57285917304
"5",5,87.4704998678714,657.418811685382
"6",6,102.699973523836,716.138728806296
"7",7,99.2167062910966,791.701962365984
"8",8,119.871669583587,934.688958782436
"9",9,136.017570757942,883.94432081188
"10",10,108.779705027171,969.552086160551
"11",11,100.75422129077,1063.42655438201
"12",12,100.451706545749,1023.90186269007
"13",13,143.378797287866,1078.69515071639
"14",14,144.491478465027,1126.32911119501
"15",15,148.634181505283,1068.27766993631
"16",16,126.052802191225,1019.76878739761
"17",17,143.627865157351,1049.53263155733
"18",18,108.419029088373,906.666443977757
"19",19,102.132475711997,927.740987347246
"20",20,103.968960521253,996.028646367508
