"","time","MRA","LR"
"1",2,0.983164189381925,0.996958664429586
"2",3,1.00375204406231,1.04842896087191
"3",4,1.02525333680932,1.08363565502627
"4",5,1.01513554798211,1.1508996230613
"5",6,1.03997871630488,1.19153528787408
"6",7,1.04541104365868,1.20076399246008
"7",8,1.05625917468451,1.23363908770571
"8",9,1.04575427341749,1.16416641223963
"9",10,1.02060945486539,1.14207140060546
"10",11,1.03393765159343,1.23651559676094
"11",12,1.03890199143361,1.25125640171239
"12",13,1.03361872944523,1.22052495721657
"13",14,1.01730884600082,1.12614020975158
"14",15,1.0137895825364,1.10507959359
"15",16,1.03102926189421,1.14567801375859
"16",17,1.00670844413953,1.22860624334698
"17",18,1.0210750080028,1.26550120309739
"18",19,1.02103619303738,1.23357250696235
"19",20,1.01464967043114,1.1533092202475
