"","time","MRA","LR"
"1",2,0.991641500807944,1.01683409337992
"2",3,0.996610510986742,1.03278464063936
"3",4,1.03700807052039,1.15013248064234
"4",5,1.01904952485613,1.11566398295429
"5",6,1.02478697980289,1.18096119208034
"6",7,1.00973143668483,1.17835442030174
"7",8,1.02494051606619,1.22532324591053
"8",9,1.04993045903555,1.38936407282804
"9",10,1.1045442301541,1.44892330525599
"10",11,1.08258216469085,1.36592519202503
"11",12,1.02434878111865,1.2881566149279
"12",13,1.04714663129149,1.30078522033001
"13",14,1.0210739697044,1.24375536161339
"14",15,1.04371274015293,1.29026339991354
"15",16,1.03456710017848,1.34968739465676
"16",17,1.05395427018783,1.2914801043065
"17",18,1.03471004193633,1.29302535868462
"18",19,1.05727819503442,1.29699649991967
"19",20,1.06103957337319,1.32608598764691
