"","time","MRA","LR"
"1",2,0.99593491743566,1.05991337828421
"2",3,1.00735168489176,1.0987725137748
"3",4,1.05240951541121,1.14251676422276
"4",5,1.02706707205031,1.19273281843456
"5",6,1.02637320438369,1.24074968673789
"6",7,1.05079574060493,1.19770895427723
"7",8,1.00888430498399,1.11741852139493
"8",9,1.06500436747885,1.25395038086427
"9",10,1.05377702532225,1.22949091593163
"10",11,1.03079460462924,1.23955735520873
"11",12,1.05711080918881,1.28303220344981
"12",13,1.11761088550365,1.31478553376247
"13",14,1.09046225629861,1.28180327750017
"14",15,1.03310402177048,1.28005747262481
"15",16,1.01929923906472,1.24137531540317
"16",17,0.977965356259167,1.1688847416482
"17",18,1.00562151907277,1.19891354003936
"18",19,1.02696430402913,1.20230506471742
"19",20,1.03638701803648,1.29658187876681
