"","time","MRA","LR"
"1",2,1.03237412646983,1.03909795478461
"2",3,0.982776065694192,1.05103157227618
"3",4,1.04082262066936,1.15955381609361
"4",5,1.03454504842641,1.1922420009974
"5",6,1.02983699857549,1.17592481215084
"6",7,1.03759686537253,1.27552596837567
"7",8,1.08415023243797,1.33631603778889
"8",9,1.08403136956466,1.30695232473516
"9",10,1.0669851255841,1.25610517572458
"10",11,1.0368376164065,1.21049514038319
"11",12,1.08291393697527,1.28071171127491
"12",13,1.06721929938347,1.26348040070165
"13",14,1.05879224304167,1.26634749844628
"14",15,1.03527897005301,1.25619644302497
"15",16,1.02871407917177,1.18887491839003
"16",17,1.02584317543009,1.22362463379515
"17",18,1.01479722475155,1.24195215914711
"18",19,1.01812389576316,1.3357688469451
"19",20,1.03226563321101,1.33770140173675
