"","time","MRA","LR"
"1",2,0.968263621010917,1.01608114881344
"2",3,1.00899822346775,1.09681220548664
"3",4,1.01086625703468,1.05313815489608
"4",5,1.0029052472682,1.08344226968842
"5",6,1.01675575199916,1.09450282808208
"6",7,1.02861083464132,1.1083151154352
"7",8,1.02273611204229,1.10380558826832
"8",9,1.05416757077203,1.173462191713
"9",10,1.01035261763311,1.17579844446886
"10",11,1.00582224533482,1.20310358539564
"11",12,1.03939735002825,1.14854692669451
"12",13,1.0333004811247,1.11061690042397
"13",14,1.06387511822285,1.20403969230034
"14",15,1.00684224862369,1.18347121069431
"15",16,1.02051062185868,1.20483288026564
"16",17,1.02512868668469,1.22914505074537
"17",18,1.03711156207568,1.26505630472473
"18",19,1.07207695081485,1.26803772332137
"19",20,1.06922843761533,1.29407519466784
