"","time","MRA","LR"
"1",2,1.01340155124155,1.00773845477991
"2",3,1.00572304981132,1.04791006542514
"3",4,1.01747809437184,1.05452333931593
"4",5,1.01594742333778,1.11447358518282
"5",6,1.04570630471889,1.09448688832056
"6",7,1.03974827924683,1.09611135309656
"7",8,1.00569760239659,1.06216111914439
"8",9,1.04660179127423,1.20885514541589
"9",10,1.04482916168011,1.21241359452948
"10",11,1.04847300209915,1.220218790303
"11",12,1.03955777007477,1.24625364462318
"12",13,1.03649183931309,1.23063868281253
"13",14,1.02510618935039,1.2194191895259
"14",15,1.04930401472639,1.20792581098616
"15",16,1.04911939137717,1.15680398210427
"16",17,1.04791395623645,1.17332891928827
"17",18,1.05229996523861,1.21441050098694
"18",19,1.03361875292298,1.22355258293799
"19",20,1.01188089144554,1.15795990496193
