"","time","MRA","LR"
"1",2,0.954708905960737,0.989091432140917
"2",3,1.05091465380877,1.01691512435241
"3",4,1.01417631918459,1.019732049772
"4",5,1.04294716612573,1.0910921576119
"5",6,1.03704926448355,1.08441597507421
"6",7,1.02530797969191,1.07381410347843
"7",8,1.01154176025641,1.12915190035471
"8",9,0.990073946516168,1.11167307429784
"9",10,1.00289295375643,1.05460317932308
"10",11,1.01343233160644,1.15435302432122
"11",12,1.05191248898165,1.14930392317563
"12",13,1.07525316286461,1.13926820503403
"13",14,1.08072535153607,1.1738056917527
"14",15,1.01705945245041,1.12873040704859
"15",16,1.03248271466798,1.15939897385
"16",17,1.02613843115038,1.1754162890728
"17",18,1.0603895492779,1.19255723013133
"18",19,1.02309649892345,1.26470678701625
"19",20,1.04721136607632,1.3224173238658
