"","time","MRA","LR"
"1",2,0.979738673281737,0.996340902692248
"2",3,0.99002600145586,1.05941121677902
"3",4,1.00816313242272,1.09793785086919
"4",5,1.01359022814548,1.08220975061892
"5",6,1.01473749324668,1.27267504256109
"6",7,1.04300423826743,1.26414697723041
"7",8,1.01213851391911,1.19443686834851
"8",9,1.01960654432933,1.25164262017712
"9",10,1.00942710584845,1.2403102191752
"10",11,1.05554750235462,1.28257065801129
"11",12,1.05623211304314,1.23759821310476
"12",13,1.06138626285188,1.13133236078493
"13",14,1.0643237558063,1.08057782954562
"14",15,1.05686952518184,1.14668700576613
"15",16,1.06286220840453,1.18589651638532
"16",17,1.01721203571691,1.12993104845649
"17",18,1.00986163152198,1.18756376256079
"18",19,1.03099771345976,1.14937261552532
"19",20,1.08866599996131,1.27412398991049
