"","time","MRA","LR"
"1",2,0.987325792258425,1.0765001221459
"2",3,1.0089170665508,1.12312336542458
"3",4,1.04329934148971,1.11149915503414
"4",5,1.01621886226493,1.08554305385306
"5",6,1.00967666202531,1.10446350036965
"6",7,1.04316650110078,1.1679696145832
"7",8,1.02879959383312,1.16931302071983
"8",9,1.03015078090875,1.1568689650935
"9",10,1.03685206018717,1.19383168405198
"10",11,1.02003867825269,1.13629202211133
"11",12,0.994723605601355,1.06590296854502
"12",13,1.01051867333425,1.0263305319536
"13",14,0.989256360886585,1.04880035467582
"14",15,0.988688085069887,1.05288200627196
"15",16,0.992821363985089,1.09481598651568
"16",17,1.01986573411455,1.10685933509616
"17",18,1.03379289473921,1.12663844100969
"18",19,1.02291156824842,1.26537872115527
"19",20,1.00664381384372,1.21061747082179
