"","time","MRA","LR"
"1",2,0.967326721864044,1.01860166429711
"2",3,1.00412096796573,1.02912469703781
"3",4,1.00182803399989,1.02587161742661
"4",5,0.996675087163099,1.1026160851613
"5",6,1.0234125455112,1.12285239177726
"6",7,1.01855109958156,1.17007913404098
"7",8,1.02039841966975,1.16189323411401
"8",9,1.01671646089042,1.16207332970715
"9",10,1.03151851732986,1.1434426350048
"10",11,1.02235925797974,1.16657568452798
"11",12,1.02764183303708,1.20923440721213
"12",13,1.01941747856091,1.24692888697023
"13",14,1.09995780830637,1.31430398547727
"14",15,1.0806093614586,1.20047685770273
"15",16,1.11144530366239,1.27924071899247
"16",17,1.06916573244822,1.38202910830144
"17",18,1.06366766576481,1.30972037514616
"18",19,1.04715918205546,1.29323621027455
"19",20,1.07377520025155,1.2723546456616
