"","time","MRA","LR"
"1",2,1.00171040377458,1.01874399340449
"2",3,1.01268719994393,1.03479304849006
"3",4,1.00237747047708,1.03138456333498
"4",5,1.00367423009611,1.04017396761255
"5",6,0.98088799387239,1.04444423616035
"6",7,1.0519428084102,1.18424507225013
"7",8,1.04348892632298,1.10680837291029
"8",9,1.03649624012795,1.15624716528791
"9",10,1.00992358892573,1.17013641614446
"10",11,1.009117099281,1.19537684061407
"11",12,1.0466260152603,1.18033276410016
"12",13,1.02956949767199,1.17461158403423
"13",14,1.03371696448288,1.2544389786844
"14",15,1.0513468909314,1.36345871769046
"15",16,1.07202433513207,1.30983693164063
"16",17,1.04826676400806,1.21470770915289
"17",18,1.05425354486763,1.292416595967
"18",19,1.06827854791447,1.31269009435223
"19",20,1.06785778004129,1.23878914940334
