"","time","MRA","LR"
"1",2,1.02434970292283,1.08485518001468
"2",3,0.995550648945908,1.07254771430427
"3",4,0.9888104422973,0.998285108210262
"4",5,1.01175091367334,1.02993968327066
"5",6,1.03477762268172,1.04624468253079
"6",7,1.01587935700955,1.08002543045655
"7",8,1.0022788778687,1.0999256878309
"8",9,1.01987105975228,1.13936653672045
"9",10,1.02417374878447,1.17111698740668
"10",11,1.03127488616917,1.16641443088586
"11",12,1.07705639236233,1.19587643282996
"12",13,1.05605820884087,1.18891931090822
"13",14,1.07440235306385,1.29013403232071
"14",15,1.04431640770694,1.21922132754554
"15",16,1.0620544510298,1.22678114110216
"16",17,1.08359133966925,1.21043920785784
"17",18,1.06279780186875,1.21433445116117
"18",19,1.02490427313865,1.14093597135684
"19",20,1.06581234545636,1.22547544566565
