"","time","MRA","LR"
"1",2,1.01686281467714,1.02175999354777
"2",3,1.02024296141463,1.04430730584741
"3",4,0.98760699511655,1.08527226240814
"4",5,1.02867663623884,1.10475368753841
"5",6,1.01568348118912,1.13897575261216
"6",7,1.02509799944046,1.13437119703981
"7",8,0.988838357412846,1.05307083956909
"8",9,1.00796151502969,1.05763675123853
"9",10,0.99659682861375,1.08472572580266
"10",11,0.980439685280546,1.0917251212728
"11",12,1.01690128173032,1.13305657885909
"12",13,0.97834459756171,1.16634885122671
"13",14,1.00151605675549,1.22465733863665
"14",15,1.01732425201801,1.24824623577846
"15",16,1.02341940545644,1.28910245476957
"16",17,1.10339888506457,1.27387460360806
"17",18,1.09532564948234,1.19558974903073
"18",19,1.05722044611476,1.20773574299341
"19",20,1.05853936762522,1.17765172463779
