"","time","MRA","LR"
"1",2,1.00023824443179,1.04605205857311
"2",3,1.01518162277592,1.08438639330578
"3",4,1.03571747461008,1.0884963659597
"4",5,1.01818025962762,1.08235589228584
"5",6,1.00926759689551,1.14250236009977
"6",7,1.05244849909574,1.16266568404791
"7",8,1.03798879846801,1.15158660099357
"8",9,1.03954690003688,1.19657616892161
"9",10,1.03638404553146,1.2184814206658
"10",11,1.05635248433795,1.2364333011282
"11",12,1.04126716520078,1.23561344020446
"12",13,1.02953684856393,1.23749552133327
"13",14,1.0350855547401,1.20277458490903
"14",15,1.0358665572454,1.23454412946796
"15",16,1.034631313614,1.27256482091564
"16",17,1.03129188895181,1.2426583903942
"17",18,1.03111083856658,1.25684118248083
"18",19,1.02760381183755,1.26695179457045
"19",20,1.04873422082045,1.26460864648416
