"","time","MRA","LR"
"1",2,1.01805675894779,1.03718679760982
"2",3,1.01303947841477,1.0545809150507
"3",4,1.0098228601359,1.10659710588127
"4",5,1.00315351232752,1.14161175024066
"5",6,1.03133084431001,1.16090022214871
"6",7,1.01632690845118,1.10422357635676
"7",8,1.0198701463608,1.08068625168459
"8",9,1.0043890243105,1.10615393525397
"9",10,1.03498954800344,1.1844022936735
"10",11,1.06318774915395,1.20607700793645
"11",12,1.01684984479216,1.14572184234267
"12",13,1.04179762770215,1.24606123352444
"13",14,1.05495242983882,1.25336722842032
"14",15,1.06235656739557,1.31906271496996
"15",16,1.08010179175851,1.29413560904991
"16",17,1.04995026640764,1.30567124765228
"17",18,1.06027399996987,1.23953795243256
"18",19,1.07176892983094,1.22868506892362
"19",20,1.06817739267532,1.22627176902598
