"","time","MRA","LR"
"1",2,1.00977121792028,1.08172525303563
"2",3,1.02536184537371,1.0465296650312
"3",4,1.00508776403992,1.09481947416245
"4",5,0.995860626030241,1.09964275950859
"5",6,1.02211176359873,1.11814530350931
"6",7,1.01704238669973,1.12244830865953
"7",8,1.02251537594726,1.22347823185173
"8",9,1.06964292616451,1.25908818398699
"9",10,1.06820402202917,1.24932178114059
"10",11,1.07082007467821,1.23891249213385
"11",12,1.07593273740388,1.27551339335568
"12",13,1.06909799347905,1.23531305550618
"13",14,1.04861322190068,1.27275614933815
"14",15,1.04795992504729,1.24166099928949
"15",16,1.03230945614434,1.26777263508604
"16",17,1.05559140285795,1.22872375732779
"17",18,1.06079251370583,1.23099003064477
"18",19,1.10305933932435,1.31038013788521
"19",20,1.07319624759901,1.27952660651554
