"","time","MRA","LR"
"1",2,0.961362835406734,1.01725905423642
"2",3,1.02664435272901,1.06440952100628
"3",4,1.04681353650877,1.09089153015503
"4",5,1.01673136292429,1.09564095108497
"5",6,1.02614838784415,1.05683694300611
"6",7,1.03140275517607,1.09987167610113
"7",8,1.03388190867915,1.06293471344947
"8",9,1.05198743614124,1.08029919797397
"9",10,1.04639612030659,1.08408599286725
"10",11,1.04877853004886,1.10278628009544
"11",12,1.0584150693674,1.18255697639348
"12",13,1.06206647545399,1.16709610088156
"13",14,1.07241634835657,1.13806537708152
"14",15,1.0350311400717,1.12511193842187
"15",16,1.04731678093539,1.15496206951051
"16",17,1.06334562721709,1.15672481938166
"17",18,1.09889352571566,1.28462769775399
"18",19,1.10267675850694,1.29331914034168
"19",20,1.09156575980229,1.25665335261062
