"","time","MRA","LR"
"1",2,1.00784331279014,1.04533064538528
"2",3,1.02692153448665,1.07040390149563
"3",4,1.0064140895839,1.07775267516967
"4",5,1.0255505354883,1.09145055214912
"5",6,1.05551967280377,1.18583617381229
"6",7,1.04267750259879,1.1595921063939
"7",8,1.03957327739006,1.12578933072176
"8",9,1.01040251989519,1.09018294224536
"9",10,1.03128167929398,1.12892648499477
"10",11,1.0314933080781,1.11647381059696
"11",12,1.02369795896198,1.11887888657359
"12",13,1.02653665751705,1.13622828182855
"13",14,1.0387309510799,1.14523112202209
"14",15,1.033843536325,1.10348394723577
"15",16,1.03098181119807,1.14829136244323
"16",17,1.06702426120055,1.206638586566
"17",18,1.04116696228886,1.19236134612893
"18",19,1.03682314570405,1.15572773782774
"19",20,1.01985765055936,1.10656373310956
