"","time","MRA","LR"
"1",2,0.98378824205299,1.02990495054505
"2",3,0.999255117279078,1.03097436653789
"3",4,1.01231774925093,1.07453071128285
"4",5,1.02262524142672,1.10270073019534
"5",6,1.01201802154283,1.03173164506586
"6",7,1.02016707222951,1.06562195197187
"7",8,1.03450339950822,1.05957838777618
"8",9,1.01664822245085,1.13768767414471
"9",10,1.04646115163766,1.11998580763211
"10",11,1.02103423598219,1.07205942696856
"11",12,1.05415061328877,1.10052295933124
"12",13,1.04736284586671,1.14870977672134
"13",14,1.08801967318372,1.2483948766428
"14",15,1.06601477700261,1.33660648919403
"15",16,1.04361306037477,1.28607512836198
"16",17,1.028300190272,1.19592070506562
"17",18,1.0432435887437,1.22176019468866
"18",19,1.04253861971416,1.14058061397854
"19",20,1.05130637213281,1.17635560251497
