"","time","MRA","LR"
"1",2,0.972032667635012,1.00571921696113
"2",3,0.977629995128779,1.03287097290881
"3",4,1.00418660804857,1.06523902057807
"4",5,1.01596251294827,1.09425963859299
"5",6,1.05752706453399,1.10844665195543
"6",7,1.02656720709936,1.19411303683901
"7",8,1.02883076698135,1.18097521303783
"8",9,1.03530191080578,1.20657032440571
"9",10,1.03220240679643,1.18341743012118
"10",11,1.03565530113945,1.22226230254697
"11",12,1.02866349583929,1.20371254202809
"12",13,1.01740811245517,1.21320521396213
"13",14,1.00252353668184,1.19207056559973
"14",15,1.02037587110664,1.17586861051291
"15",16,1.01368469733598,1.13756889282077
"16",17,1.00379433493513,1.20357054878457
"17",18,1.01966827520991,1.14892231691031
"18",19,1.00899331202821,1.18163856833903
"19",20,1.01055338702285,1.16392527144754
