"","time","MRA","LR"
"1",2,0.98870756107081,1.00916552675536
"2",3,1.00653902988236,1.03984708757962
"3",4,1.01940278731972,1.07042069923535
"4",5,1.03809457303948,1.1046794188016
"5",6,1.02390781541717,1.1084968600348
"6",7,1.04418117206971,1.09695533122791
"7",8,1.02913771325963,1.1747140331133
"8",9,1.05483464169655,1.1736764044853
"9",10,1.02486482768709,1.21645485279919
"10",11,1.02859782618328,1.20902461186138
"11",12,1.05023781991305,1.2827105772233
"12",13,1.045879600383,1.26323427588575
"13",14,1.06036667916095,1.31052917105671
"14",15,1.0389734349993,1.30132383217028
"15",16,1.04363411521075,1.29960098421089
"16",17,1.04622366241135,1.3547740230197
"17",18,1.0792264187969,1.36168897320646
"18",19,1.03040838554893,1.4223260754161
"19",20,1.05342241443124,1.36832994780942
