"","time","MRA","LR"
"1",2,0.940247140472719,0.984227641075517
"2",3,1.01329077008187,1.11262715175085
"3",4,1.03069417479812,1.11858314070493
"4",5,1.06355584106072,1.15669888145759
"5",6,1.03191131883689,1.11850405440478
"6",7,1.04780989962617,1.13703184045749
"7",8,1.02742840733822,1.12495323663345
"8",9,1.03227841052269,1.14485674214617
"9",10,1.02459396916477,1.22250648536143
"10",11,1.06531401971426,1.25995066976241
"11",12,1.06209415233052,1.33611110288188
"12",13,1.00795382765608,1.2950477205042
"13",14,1.00712940528816,1.26266480116156
"14",15,1.03579811785708,1.29239440612648
"15",16,1.02591548995295,1.25085197718147
"16",17,1.01170647705021,1.22837649752367
"17",18,1.02006743449448,1.25801244937349
"18",19,1.02325202952569,1.24336047585014
"19",20,1.03214118985519,1.25684472218498
