"","time","MRA","LR"
"1",2,1.01312917966797,0.994470187808444
"2",3,0.982578391309727,0.998971383305847
"3",4,0.999775626010112,1.04260376630515
"4",5,0.996728937744933,1.10095257416186
"5",6,1.01980918591514,1.1425604726181
"6",7,1.04064052555186,1.17896240075635
"7",8,1.05947372166312,1.13625532206228
"8",9,1.02171081712334,1.15450366772452
"9",10,1.02038693509708,1.14144555486396
"10",11,1.06265163105709,1.20853892430174
"11",12,1.06123765478685,1.2616965734751
"12",13,1.05051920600267,1.27513763735506
"13",14,1.03822851763915,1.3104897202302
"14",15,1.0266379940708,1.2224122489791
"15",16,1.05115656301412,1.29717546061433
"16",17,1.02975086194961,1.19019099662109
"17",18,1.05884562981359,1.21262264999188
"18",19,1.04506553384517,1.23250895949087
"19",20,1.02894758881037,1.24826373436931
