"","time","MRA","LR"
"1",2,0.989122289161326,0.995184961943026
"2",3,0.988502349726061,1.02641625761642
"3",4,1.04848267684294,0.998682638029896
"4",5,1.06465069126139,1.05017691056235
"5",6,1.03957893760111,1.05673843428713
"6",7,1.02245952725124,1.09729014029315
"7",8,1.01948498543441,1.11391175579008
"8",9,1.01325301777921,1.16595740199726
"9",10,1.03785057953124,1.19756962787917
"10",11,1.04582022056696,1.18503396419961
"11",12,1.05648324759879,1.1869281712399
"12",13,1.02862216599128,1.20950692931636
"13",14,1.04947630382855,1.20284280617847
"14",15,1.04158108231654,1.20012217511361
"15",16,1.02892084420077,1.1773279960132
"16",17,1.04123896185419,1.16649890923006
"17",18,1.00570995571514,1.14127019623532
"18",19,1.0401476308675,1.17715602487005
"19",20,1.04109534103421,1.17804665933813
