"","time","MRA","LR"
"1",2,0.954113832645127,0.977109065264148
"2",3,0.999980469728191,1.01590770343422
"3",4,1.00139896670124,1.03193238019621
"4",5,1.03104047885089,1.10894492228926
"5",6,1.02148017876644,1.12487469281047
"6",7,1.03011657616172,1.11707235695114
"7",8,1.04378291427564,1.06143726268002
"8",9,1.0409086442598,1.16673641176737
"9",10,1.03746017001707,1.19963730259513
"10",11,1.04245715793291,1.21168469681471
"11",12,1.03397402199174,1.23635272715796
"12",13,1.03180899790548,1.16559803650585
"13",14,1.02663341146757,1.21367944442673
"14",15,1.03964549720829,1.22462422157805
"15",16,1.03802076746579,1.27420842518485
"16",17,1.07238221253826,1.3056249345591
"17",18,1.02891505784903,1.283907114137
"18",19,1.02184603512244,1.26819016224157
"19",20,0.983025754061154,1.25394224868872
