"","time","MRA","LR"
"1",2,1.01488620763148,1.00449933720656
"2",3,1.04708642104823,1.07171463568912
"3",4,1.02358088924022,1.10601534176683
"4",5,1.03194254639825,1.16516312324401
"5",6,1.01854866132029,1.14129886209905
"6",7,1.01839794510314,1.13067340203819
"7",8,1.02304228470084,1.11279032740001
"8",9,1.04016759380531,1.09433110353402
"9",10,1.03847737091733,1.10060870560777
"10",11,1.0057916555831,1.11744154944307
"11",12,1.01241570802823,1.19601680723951
"12",13,1.01570981654378,1.27707941718693
"13",14,1.0558009194788,1.2411659622728
"14",15,1.04113910232719,1.25049444391273
"15",16,1.00405539037973,1.18592953387234
"16",17,1.00160479608172,1.15319625831032
"17",18,1.04320513372873,1.19262255177571
"18",19,1.03683060755004,1.16908791165288
"19",20,1.0460599473331,1.18276983425144
