"","time","MRA","LR"
"1",2,0.991220790411134,1.01711547799696
"2",3,1.01565526029226,1.07000556005572
"3",4,1.04630169911073,1.04483807022582
"4",5,1.03168210938371,1.02442489885942
"5",6,1.05067032597636,1.13294411337668
"6",7,1.03640865854707,1.15136399216612
"7",8,1.04492893696483,1.19131531123112
"8",9,1.02821087014238,1.22061016538467
"9",10,1.04570328695221,1.27751111261021
"10",11,1.02337079442395,1.19556646111485
"11",12,1.04569215200819,1.26849251055832
"12",13,1.06534208241593,1.22794816332193
"13",14,1.04265710113062,1.29562432331004
"14",15,1.03076191772931,1.2994044938236
"15",16,1.00873270162363,1.24774017065599
"16",17,1.03082711845171,1.21937105236608
"17",18,1.03995959538625,1.28749169438639
"18",19,1.07423595887407,1.29945532060304
"19",20,1.06329403421618,1.35083426766544
