"","time","MRA","LR"
"1",1,0,0
"2",2,129.966117505524,482.220151818602
"3",3,83.5707253512526,523.227320818626
"4",4,86.2168410050226,616.471846108594
"5",5,63.3606952380932,699.556523938143
"6",6,97.660672439112,754.80997086103
"7",7,94.1446073453526,699.376691295068
"8",8,105.519352221737,839.408584727883
"9",9,118.901379942178,805.570786786672
"10",10,131.366348525888,770.423054246697
"11",11,141.414937899469,799.550299475895
"12",12,150.173554590351,900.052814664025
"13",13,151.54036286609,1016.81888565597
"14",14,133.696784199817,978.341931618504
"15",15,124.484312423975,924.512929874624
"16",16,124.124999666143,1004.9119060562
"17",17,114.205189902093,925.559725998775
"18",18,102.002354183049,935.550090106969
"19",19,117.916998080998,993.666109540054
"20",20,122.279924437377,984.778908963982
