"","time","MRA","LR"
"1",1,0,0
"2",2,135.469015600234,453.85560014318
"3",3,87.3375084153023,460.591428998369
"4",4,79.238524948288,534.907245143835
"5",5,118.171175954613,719.461739853159
"6",6,100.188592601242,812.133693915821
"7",7,98.8356072522342,983.958878289835
"8",8,104.97481128165,1199.10825958734
"9",9,110.483542078876,1204.97530649397
"10",10,94.5289364294339,1093.31980244936
"11",11,101.986034582723,1061.10496792365
"12",12,123.006999092996,1216.57273114642
"13",13,116.617583906121,1004.97762405016
"14",14,122.579029470279,994.18342439255
"15",15,134.984035443904,1015.00623312201
"16",16,141.927968258278,1251.42413542949
"17",17,137.3814059593,1133.55545258904
"18",18,144.024625439323,1084.31366505903
"19",19,140.205611711166,1023.940927966
"20",20,152.597408057266,1090.38600971253
