"","time","MRA","LR"
"1",1,0,0
"2",2,129.076002345117,547.489961396054
"3",3,90.7348071066007,496.562781350911
"4",4,111.996122595283,606.39140913155
"5",5,98.5144224670386,692.128839964563
"6",6,121.213583914034,876.32338314495
"7",7,116.398286306444,966.624751832564
"8",8,118.693822566956,975.55657948185
"9",9,116.648022724404,882.954958792936
"10",10,114.999405952557,859.926662988384
"11",11,127.312012923054,809.780099988988
"12",12,115.885781541538,970.738747942502
"13",13,113.321521931484,837.692385523009
"14",14,137.618300424881,1094.18182461013
"15",15,119.97144919905,1028.18659940425
"16",16,120.413759090213,1018.4260875959
"17",17,138.008987804963,1119.88342129948
"18",18,141.318394016629,1135.2218187622
"19",19,158.170521998168,1121.53399928826
"20",20,116.265903219273,1022.06569912165
