"","time","MRA","LR"
"1",1,0,0
"2",2,136.758591808825,467.430093989067
"3",3,90.618036010083,532.135674399654
"4",4,85.457313381275,661.254320322729
"5",5,106.678727393554,698.532565197706
"6",6,119.36746617534,743.537819426464
"7",7,119.164761861805,825.827965099068
"8",8,129.182319867907,863.58364697688
"9",9,113.018383078636,1003.49115987097
"10",10,115.822211924492,1114.26367592876
"11",11,101.695715877596,1101.11491932505
"12",12,121.496290973751,1074.68266460512
"13",13,135.14702718033,906.064302982557
"14",14,171.324088888948,1020.80643971566
"15",15,155.404432686858,1022.56071145707
"16",16,155.693596918341,1154.3414740629
"17",17,147.964440745963,958.95187349616
"18",18,143.35940150748,1013.20504571652
"19",19,129.504093488096,1020.36703620806
"20",20,124.346528362867,990.893694684554
