"","time","MRA","LR"
"1",1,0,0
"2",2,139.522121408594,495.301541274475
"3",3,101.728781542966,470.41410780462
"4",4,94.2914663934415,676.151434828395
"5",5,100.014441186423,669.685966550581
"6",6,80.3985461340106,725.12238808636
"7",7,121.95589868694,803.528203484488
"8",8,149.668316942114,947.00642265951
"9",9,147.040095874949,1037.27202683537
"10",10,132.938883819623,1154.89320870035
"11",11,122.029474379682,1093.96868279824
"12",12,105.697373964659,1014.89261724036
"13",13,100.145295680127,1002.2800286846
"14",14,118.070480740375,1142.88445056473
"15",15,117.874390113307,1037.4647044666
"16",16,162.15097761403,1105.93420247304
"17",17,142.272992687317,1110.74497486915
"18",18,147.958919158065,1165.94979428086
"19",19,140.780708612993,1202.65652618006
"20",20,135.053287346257,1291.41154728143
