"","time","MRA","LR"
"1",1,0,0
"2",2,113.780841608326,454.322928251218
"3",3,74.2489455732618,534.537581611414
"4",4,80.142561452589,655.770034384512
"5",5,91.6917377926522,607.915053564172
"6",6,111.449324124908,797.290539221989
"7",7,117.903284254231,801.386777652436
"8",8,146.769511783716,1014.27844543123
"9",9,140.361054147328,1006.73787512027
"10",10,120.885153943231,851.554306498107
"11",11,133.214217728658,906.369320820296
"12",12,137.7626185494,934.933588733595
"13",13,110.71945524166,1018.16571815738
"14",14,107.837922424262,1000.11001880655
"15",15,103.631803247452,1063.41439933332
"16",16,125.747007564678,1059.9905901348
"17",17,123.275030240041,1014.16865824781
"18",18,163.137402205519,1073.12224224701
"19",19,119.626103679556,890.08037970933
"20",20,113.307762299679,1040.64423319193
