"","time","MRA","LR"
"1",1,0,0
"2",2,131.519426957082,493.56638454352
"3",3,84.2181248719186,551.432581310397
"4",4,77.9279160990832,623.168664265785
"5",5,87.4151892133533,729.461396534937
"6",6,100.134750955525,828.071091774414
"7",7,105.609595352332,723.934042038629
"8",8,93.391089066703,801.786957271572
"9",9,109.19971035567,946.343862005972
"10",10,112.345278614122,858.663242519005
"11",11,123.00218331887,807.206033567393
"12",12,126.235101171889,961.670960696182
"13",13,148.382001479511,1067.98718445486
"14",14,114.42653864756,1139.61890712032
"15",15,125.995586042194,976.536598502205
"16",16,140.618550503444,851.737895994762
"17",17,142.423504027727,1037.53879778745
"18",18,150.32664635728,1110.66373815052
"19",19,152.262639059895,1076.58042384027
"20",20,141.741162498535,974.39791214937
