"","time","MRA","LR"
"1",1,0,0
"2",2,129.19131661338,434.392651738521
"3",3,79.1259185990883,507.885992841132
"4",4,81.8802425069308,536.880670250038
"5",5,118.061613678691,701.114266244503
"6",6,116.409440463286,715.668480129099
"7",7,131.873543024679,975.060977956714
"8",8,157.393587268267,1253.37027123652
"9",9,145.419385118309,1155.74118201659
"10",10,93.4181418709128,997.515994200601
"11",11,117.657003865685,955.566263650666
"12",12,158.144503652034,1001.06714676493
"13",13,163.104650204171,920.55324450572
"14",14,175.432678338767,1035.21159188905
"15",15,152.691127464399,979.335935033442
"16",16,137.336686056862,1007.19760290091
"17",17,130.033511135353,1014.82811572403
"18",18,132.424467250376,1130.4370993097
"19",19,163.703480074451,1228.38810423866
"20",20,172.550168534115,1050.95860749275
