"","time","MRA","LR"
"1",1,0,0
"2",2,145.625834900529,505.414060627036
"3",3,74.6947185562216,536.140965524944
"4",4,84.7868517628149,672.398491249276
"5",5,119.256925345447,767.148982198739
"6",6,114.983355047642,826.93308550189
"7",7,112.251979086131,711.153847965045
"8",8,131.704320677088,700.609300418904
"9",9,141.523468280796,724.273673959055
"10",10,116.49921012049,784.43561753692
"11",11,133.50281587986,902.546565441196
"12",12,139.107591708309,848.727979811477
"13",13,136.74584718574,866.330223956272
"14",14,121.498701273161,784.143096900191
"15",15,106.462256454596,826.091291475228
"16",16,128.743055364445,904.361980722041
"17",17,106.319865285581,783.57830740628
"18",18,112.299554877514,843.033520368375
"19",19,103.256382083521,890.91606576542
"20",20,120.98614520664,968.761605218535
