"","time","MRA","LR"
"1",1,0,0
"2",2,132.461312386642,476.872884604991
"3",3,91.2631628462582,555.708704762523
"4",4,76.7609743631352,687.89713447904
"5",5,100.547321926854,798.098873809521
"6",6,108.951515413273,780.153512109536
"7",7,120.805054104135,939.69159813955
"8",8,122.902256280108,883.974818498732
"9",9,129.885951737274,839.747351571092
"10",10,132.583195044831,874.877789657755
"11",11,142.162956701193,1122.87400856161
"12",12,130.376333183333,1012.82557259865
"13",13,140.459218755099,1014.92580604018
"14",14,114.289832267613,1047.7786153341
"15",15,141.245478865907,1200.08667076015
"16",16,117.892499272326,1108.41617463656
"17",17,109.0022646021,1063.43289060802
"18",18,119.156246195752,1117.72706768392
"19",19,122.153869035918,1367.60573235681
"20",20,163.627757131947,1431.89460717324
