"","time","MRA","LR"
"1",1,0,0
"2",2,136.87429863748,461.761592608768
"3",3,94.9395247649348,506.16238871267
"4",4,93.5734862207621,641.818638170255
"5",5,115.887915372226,818.859862852708
"6",6,129.51710067992,864.729391726661
"7",7,123.778144448556,891.713811124073
"8",8,120.020827689791,907.547376996952
"9",9,137.75848069563,912.262669031854
"10",10,148.334436394928,1004.14543398739
"11",11,139.628416686858,1033.10489879788
"12",12,123.419692990125,1130.90326193025
"13",13,86.3130405640894,1085.50473959851
"14",14,101.628566276345,1015.32747488652
"15",15,119.700515849975,1155.63951894064
"16",16,118.725014441173,1281.02010281094
"17",17,117.308159761547,1261.30252472692
"18",18,119.971794419744,1424.00237902522
"19",19,129.168853102356,1323.88846665393
"20",20,159.627520230255,1443.71519485136
