"","time","MRA","LR"
"1",1,0,0
"2",2,137.883227264112,518.87455706059
"3",3,82.2289086196106,611.80818618778
"4",4,77.2378207829893,646.774520356114
"5",5,86.6554081024702,691.021731566144
"6",6,98.3475630768451,795.675285276686
"7",7,101.614817708803,829.691588983107
"8",8,128.953824298551,905.239342530961
"9",9,106.315949617841,874.866570213862
"10",10,116.950632924131,846.210459153963
"11",11,124.078394645058,728.409363307035
"12",12,104.445781657729,745.100360825197
"13",13,105.267268796559,816.142290711948
"14",14,100.831808079895,764.876815266529
"15",15,128.007356286501,817.514982831238
"16",16,153.743568418914,975.369338532011
"17",17,141.795906142595,895.390128480437
"18",18,115.030605756779,873.17592674714
"19",19,106.640643896544,837.83936104133
"20",20,113.863314443818,838.588123355205
