"","time","MRA","LR"
"1",1,0,0
"2",2,135.605188557857,501.070922139852
"3",3,91.2021267538997,544.092016066276
"4",4,84.2257900838239,767.128171116509
"5",5,88.1152348039676,709.505561912885
"6",6,125.784570318667,726.757506189411
"7",7,105.500038598277,622.630154451504
"8",8,117.272429496027,841.785481499231
"9",9,127.07221755665,840.405677210421
"10",10,134.484268241216,927.02247935602
"11",11,141.324287295435,1043.76074247076
"12",12,140.554547544286,1092.40679597544
"13",13,114.68078172328,1000.53521738909
"14",14,114.069410698137,1025.02114748274
"15",15,147.452747769741,1040.42565654774
"16",16,124.429077812275,1020.38498228829
"17",17,115.055944270834,1097.20873859874
"18",18,125.096195588494,1267.89743004839
"19",19,108.909126252992,1141.50528139951
"20",20,110.178338968279,878.221141239731
