"","time","MRA","LR"
"1",1,0,0
"2",2,136.367073467242,469.745361629317
"3",3,87.0928435435534,614.514390848691
"4",4,85.5571119414501,589.502838973514
"5",5,86.443165683897,678.606566184439
"6",6,99.8311207962244,771.711617974989
"7",7,107.666660831006,750.276806956445
"8",8,107.628264949416,890.382720441115
"9",9,104.911222083848,820.578532269954
"10",10,137.588482582211,981.901256078475
"11",11,143.132723016055,1055.12007180703
"12",12,147.377728967514,1175.24099629513
"13",13,119.216081224434,989.303159360596
"14",14,127.518792886214,864.417108971395
"15",15,97.7404054915506,801.851450840588
"16",16,89.9824439639979,816.092037600668
"17",17,108.101703535998,850.223113102747
"18",18,126.442595416547,916.300695130784
"19",19,149.000870912911,971.923214006183
"20",20,116.094724542561,1035.57518951644
