"","time","MRA","LR"
"1",1,0,0
"2",2,123.728035154117,444.262669454908
"3",3,77.8596072688707,481.786425091118
"4",4,83.2174310090038,634.887367331006
"5",5,96.3990865356662,687.713183498723
"6",6,118.905560101368,874.788344807848
"7",7,121.610911175066,1002.66286359982
"8",8,145.013819826562,1168.16238893347
"9",9,140.780796953441,1317.26134732493
"10",10,126.533580055359,1498.64362562547
"11",11,139.390235020908,1430.12250612808
"12",12,161.120531824071,1527.07254762352
"13",13,161.015290376186,1289.04279944358
"14",14,183.327550161947,1243.48045693778
"15",15,156.364257810725,1437.32023144889
"16",16,150.034073133463,1317.07117403499
"17",17,162.938823529193,1282.76348054413
"18",18,178.939196941805,1189.45605557937
"19",19,170.702900028874,1172.53229723412
"20",20,183.428078756703,1304.07755941456
