"","time","MRA","LR"
"1",1,0,0
"2",2,112.1107290966,467.503007694512
"3",3,63.2215322685979,463.805944051963
"4",4,77.7140344121714,626.180528868752
"5",5,95.1514094555703,732.459599840474
"6",6,124.397295707754,750.665656476036
"7",7,109.552722447444,868.950252888094
"8",8,110.119825148792,842.353791755755
"9",9,118.230766778926,1033.05231012979
"10",10,111.924853631025,877.783471057606
"11",11,112.495593607035,829.89943817595
"12",12,122.598146632436,911.278804309283
"13",13,123.670597951118,831.541390630357
"14",14,126.317487512887,979.532140895076
"15",15,113.13607174673,845.058352811589
"16",16,112.67802643951,965.097551229738
"17",17,110.729964518021,859.605681438384
"18",18,106.477384909783,947.883650914843
"19",19,105.483349074043,869.421443120023
"20",20,121.256576027315,891.329569324767
