"","time","MRA","LR"
"1",1,0,0
"2",2,127.65176668674,441.46129066215
"3",3,67.1134098026882,469.964426306145
"4",4,64.1003435111048,638.666028047567
"5",5,74.477754619914,723.05378292362
"6",6,106.445898383555,820.40002063087
"7",7,122.236768724999,920.701834100795
"8",8,146.431207259047,990.623683602548
"9",9,127.981363443857,1063.19640785636
"10",10,130.872777635451,1023.13764004188
"11",11,122.976196298539,1035.15260928595
"12",12,130.902262279619,1077.47345166476
"13",13,142.627065467159,1066.11753165434
"14",14,130.949677121095,1125.63584096881
"15",15,145.566889156496,1081.76533633996
"16",16,113.166993885539,983.802384053702
"17",17,126.887867641032,977.620007615801
"18",18,110.209848088096,1007.50390302862
"19",19,113.202960613689,1032.58412237899
"20",20,74.9660051269955,1103.77804995781
