"","time","MRA","LR"
"1",1,0,0
"2",2,127.447388635344,479.912186409311
"3",3,76.0193029872124,644.459840812353
"4",4,95.3843389323181,669.396575599433
"5",5,99.4575729818595,668.898635200551
"6",6,95.0305710253099,872.469606927121
"7",7,77.6786341023545,748.665311368109
"8",8,91.9910368471192,885.440287219891
"9",9,119.128226642294,906.412953113396
"10",10,112.361586177846,940.8135846311
"11",11,143.214197802527,1077.89186802762
"12",12,120.195829811988,969.296552962904
"13",13,144.121918747845,993.262578948013
"14",14,140.876641003198,1063.22800590139
"15",15,137.939242640211,1058.23756223673
"16",16,141.903840242462,914.311194127994
"17",17,128.444962115913,928.425828108451
"18",18,110.324146250852,844.514815913702
"19",19,129.955972979417,1038.61073306645
"20",20,132.83936396474,1040.32011566759
