"","time","MRA","LR"
"1",1,0,0
"2",2,148.016543823723,524.574132761471
"3",3,93.2716279020362,672.023576096431
"4",4,101.515648752083,745.930485437418
"5",5,106.501665225021,864.19148203947
"6",6,86.5903182605047,833.52985000275
"7",7,80.3736670838629,707.151077147183
"8",8,121.711209105608,940.559342460567
"9",9,115.491217371533,860.009485507985
"10",10,136.460658765463,998.823735639914
"11",11,147.629984393922,1279.52871932552
"12",12,134.779812742679,1235.01597855258
"13",13,122.594125278329,1271.9113894497
"14",14,121.061358077459,1190.73414981369
"15",15,111.071159957979,1148.11589865817
"16",16,124.520439855312,1208.75290145308
"17",17,112.6264650616,1158.38381456259
"18",18,114.648553509202,1130.75440062313
"19",19,103.221273570001,992.420418700958
"20",20,113.780955321338,1004.75443222341
