"","time","MRA","LR"
"1",1,0,0
"2",2,141.695166843432,504.028384970868
"3",3,84.4007009833166,494.260923652597
"4",4,104.036777486158,634.417068721296
"5",5,110.463248663975,714.893681770979
"6",6,115.37144806087,851.51078641548
"7",7,115.433930733069,728.66954473769
"8",8,131.03383884176,817.399557149157
"9",9,144.208027489532,924.623375647058
"10",10,146.883421981617,879.466279715968
"11",11,135.376737476663,883.115625114723
"12",12,115.475182216666,998.148833159416
"13",13,117.58801063297,1030.20909505195
"14",14,137.875601393666,1091.8314455902
"15",15,116.348027068108,1109.43414462582
"16",16,119.0525992384,1081.25785397905
"17",17,121.987765178098,927.142727495101
"18",18,124.443760516771,996.502080359245
"19",19,118.440272619096,896.273931400554
"20",20,110.462347401371,998.301695665702
