"","time","MRA","LR"
"1",1,0,0
"2",2,145.800373214554,518.3249678631
"3",3,75.5601437952519,502.949294226024
"4",4,75.9599239624494,575.761141091334
"5",5,84.1286193046441,765.348534189497
"6",6,80.1374942206252,736.546996338887
"7",7,102.376414006997,958.34185976333
"8",8,125.967850535346,1067.65260548713
"9",9,117.449101335224,1036.52737585077
"10",10,125.25556957886,1076.63634364226
"11",11,114.363170186035,1009.16643174443
"12",12,113.532485504369,1030.9284343358
"13",13,119.586297692574,1057.74332960429
"14",14,139.376454189923,1134.15207290168
"15",15,146.505178604309,1173.01543862383
"16",16,157.549954742614,1136.72231981161
"17",17,152.138986288112,1134.45303509616
"18",18,138.209105029501,1056.659296833
"19",19,127.968611374039,1069.67851735057
"20",20,138.136664475325,1212.9363515383
