"","time","MRA","LR"
"1",1,0,0
"2",2,114.540117130243,537.643350288554
"3",3,87.0094784226625,606.325615395421
"4",4,110.993414386772,666.627418082349
"5",5,124.570228673391,709.36282825778
"6",6,111.555477398942,739.892195539713
"7",7,112.257887055343,868.586273299139
"8",8,115.205541580231,948.87703231176
"9",9,111.975938396077,1065.47638272896
"10",10,120.870599559273,1066.78245810689
"11",11,124.75258471133,1000.17379329257
"12",12,140.966960461111,1151.92153365241
"13",13,135.609234991483,1184.87502558817
"14",14,122.299022525003,1196.29304144699
"15",15,129.163718440319,1071.91141531185
"16",16,129.118316712314,1057.42957741485
"17",17,130.611771115594,1044.84286460691
"18",18,114.902448691759,1116.38100010586
"19",19,134.782119485005,1164.38184594578
"20",20,134.130191796352,1234.33097286286
