"","time","MRA","LR"
"1",1,0,0
"2",2,127.511726802878,445.346531479042
"3",3,74.4643232925793,514.608282872889
"4",4,84.6727430354471,686.515075229117
"5",5,110.165957125408,894.891358043895
"6",6,97.276946804782,748.302745475218
"7",7,101.396548202795,840.497123291631
"8",8,132.462744708496,903.142288129936
"9",9,121.863502266902,926.047326326908
"10",10,121.001651955707,844.981391140121
"11",11,112.986963535498,801.334383906436
"12",12,107.221418994775,953.633646644336
"13",13,104.473757456752,930.483846137986
"14",14,120.269429522103,1027.14968472218
"15",15,133.179939789858,893.92369840713
"16",16,100.131708002041,912.466445316887
"17",17,104.103260802168,847.84467204343
"18",18,134.140979954975,805.46814250472
"19",19,133.371178828185,888.701401608557
"20",20,143.272784752155,847.833904999772
