"","time","MRA","LR"
"1",1,0,0
"2",2,125.81897215426,440.624960765273
"3",3,81.8734786077945,483.03299985556
"4",4,95.2138600981575,569.481649468716
"5",5,62.0015718151257,584.987886436558
"6",6,75.2984639742098,739.373286146682
"7",7,92.8418579868387,821.271570212979
"8",8,99.6998205646464,905.263265069352
"9",9,116.718709302286,1009.09897971346
"10",10,136.928085745929,1169.93545313621
"11",11,102.784600383801,1030.26683027849
"12",12,102.243537750071,892.788147387872
"13",13,109.952720915422,813.580232045608
"14",14,144.573758420482,961.949414600999
"15",15,139.973384016735,1068.25749521845
"16",16,139.553151073828,1047.36484956117
"17",17,149.475254013607,1236.79779982456
"18",18,132.000909564337,1279.41120966652
"19",19,132.672180900832,1259.21613148514
"20",20,129.541025284399,1230.13427618576
