"","time","MRA","LR"
"1",1,0,0
"2",2,131.58500693538,449.671891108148
"3",3,93.9450250731893,593.949205550266
"4",4,109.233654267867,655.620905938566
"5",5,133.537241347244,880.415047325249
"6",6,130.496663371988,848.787802489621
"7",7,131.121701390725,933.417208083698
"8",8,125.517595575578,917.196539909696
"9",9,119.402191990475,921.888047903656
"10",10,106.365861063543,858.053733339137
"11",11,98.1249892925673,814.781071806947
"12",12,112.3864219348,859.485971045534
"13",13,118.296264766213,856.134068742836
"14",14,134.186447015782,926.740335004072
"15",15,154.116316938534,982.722501707204
"16",16,151.953663962063,1000.89459625306
"17",17,131.654199134004,989.542270417551
"18",18,140.06580323424,1029.38721690995
"19",19,124.368714048271,1195.98133364589
"20",20,106.152462293316,1089.14933195861
