"","time","MRA","LR"
"1",1,0,0
"2",2,116.929773526012,435.369278760179
"3",3,70.6593853448516,491.606038772964
"4",4,89.2070161599555,601.052667464701
"5",5,105.27724650343,746.844611302669
"6",6,116.967630543041,835.041231249893
"7",7,131.77863109136,908.064933557159
"8",8,119.439616461573,797.16367328992
"9",9,97.1867509248187,721.868107510552
"10",10,88.2364704394926,778.607600997389
"11",11,106.323129327025,794.08041533996
"12",12,123.116200485493,851.29543221076
"13",13,128.696077472712,903.22766469587
"14",14,112.803980023299,756.629299644612
"15",15,116.54628998944,831.173699713298
"16",16,101.340799778982,910.295353327189
"17",17,136.550242030414,953.815477179757
"18",18,135.531200898294,876.279126058829
"19",19,130.151882845753,975.411459031985
"20",20,121.020524284602,1078.79868126436
