"","time","MRA","LR"
"1",1,0,0
"2",2,138.924206283147,536.402213903605
"3",3,92.8597650786761,565.746458962377
"4",4,106.749282154423,677.73740941066
"5",5,103.72817116535,702.724572743592
"6",6,90.4710944518755,630.4759356865
"7",7,70.483301292322,588.462203976567
"8",8,107.101104413263,630.598223234621
"9",9,106.822432088621,707.779392509461
"10",10,122.820218436564,864.502020155223
"11",11,121.499122204579,959.826226000338
"12",12,125.414038891665,953.58368887958
"13",13,128.247521770146,911.736844937781
"14",14,115.831888915682,889.344553959089
"15",15,110.780233274312,884.479420463038
"16",16,103.918395069812,797.381397673191
"17",17,124.689348395416,833.864132545825
"18",18,113.979031839322,1007.29776491026
"19",19,139.134662001403,1020.41077328644
"20",20,130.487451498355,1166.6372617575
