"","time","MRA","LR"
"1",1,0,0
"2",2,148.788593609213,552.005755155312
"3",3,100.349149149139,490.543013796736
"4",4,78.2432849354765,566.289290594147
"5",5,64.2270643766215,624.74441625514
"6",6,108.15771626542,674.185083983362
"7",7,128.306079000037,784.219170230768
"8",8,132.505815333305,849.139861509138
"9",9,137.872405561187,909.331971660253
"10",10,135.719221236045,962.578563294462
"11",11,154.433409148048,947.077806266964
"12",12,138.090334565747,877.061723092287
"13",13,123.201989584125,823.428363904629
"14",14,119.054072746865,843.183557230404
"15",15,129.5259031327,1042.55562993989
"16",16,125.322396742941,1035.01268737442
"17",17,114.425987244723,934.479670975906
"18",18,106.604985126206,943.253339000054
"19",19,101.709064031324,779.586782481817
"20",20,100.561489383396,851.043589526951
