"","time","MRA","LR"
"1",1,0,0
"2",2,129.513630942523,435.341289402442
"3",3,88.2792369492449,546.022166344207
"4",4,109.103870440514,687.166600708388
"5",5,97.2212749943461,725.401330058612
"6",6,100.336740030606,752.222974920387
"7",7,113.045681326854,898.265503784216
"8",8,106.434465890483,829.13634042877
"9",9,118.821083605947,967.401728083717
"10",10,113.013447140513,941.12938069395
"11",11,91.8701398125241,1081.7033626607
"12",12,89.769841093,928.667194273891
"13",13,116.461130105043,1201.82285206104
"14",14,113.954345140617,1027.95550479349
"15",15,108.710517835587,924.797803322514
"16",16,128.831623520827,869.344534708691
"17",17,127.144440817307,801.093556990301
"18",18,106.690892782784,786.679217743296
"19",19,115.30997387987,852.846454462109
"20",20,133.183887116085,845.606976735316
