"","time","MRA","LR"
"1",1,0,0
"2",2,122.668720944015,499.030838086003
"3",3,74.4839552459609,584.495984659788
"4",4,67.9980543713958,647.088950583248
"5",5,97.6829110516658,736.26022333995
"6",6,111.458078774189,774.973692084096
"7",7,113.977945620012,821.701138172775
"8",8,119.428766362032,1120.52311081022
"9",9,120.368865127889,1031.94160131123
"10",10,140.930344987371,1155.74980808131
"11",11,156.902273926882,1168.6215281572
"12",12,166.854556364592,1260.88655211985
"13",13,116.223179910002,1098.06716305072
"14",14,123.116460678467,1060.30108293471
"15",15,147.641899012922,1061.11741779067
"16",16,126.573333772373,1147.50401770452
"17",17,89.1793785103705,1061.01766827484
"18",18,119.220443526063,1050.26089141632
"19",19,133.1763453323,954.706423066102
"20",20,123.550082082865,851.098361741063
