"","time","MRA","LR"
"1",1,0,0
"2",2,132.629496118783,462.000728674041
"3",3,110.732029023438,553.668032927122
"4",4,81.3287425827025,580.437121134956
"5",5,97.8391831583355,630.076694792216
"6",6,101.54976298041,631.856841230835
"7",7,108.155099217004,732.232822346008
"8",8,123.975991595662,965.95448074971
"9",9,129.447812524955,1059.2593192206
"10",10,134.457125085426,1062.86370191628
"11",11,126.114954225377,1089.64690634237
"12",12,104.594761073248,953.963617144057
"13",13,98.0884927904216,1067.38253531948
"14",14,102.8409542465,989.043596300201
"15",15,117.349350231232,944.886037651075
"16",16,106.481910277481,971.883730101916
"17",17,127.114739202633,1015.57100155221
"18",18,127.893404181474,1145.61287104229
"19",19,116.26352664506,1134.14710297689
"20",20,114.349958347968,1112.88555581529
