"","time","MRA","LR"
"1",1,0,0
"2",2,136.963756095156,482.020263101512
"3",3,75.0441473348255,512.099858308022
"4",4,82.272707728151,683.539050394934
"5",5,102.026913654695,839.660023602965
"6",6,121.601861278489,889.043088033795
"7",7,143.305896355324,979.704520748361
"8",8,139.259915720208,1089.36731200774
"9",9,143.795413499423,1142.14569728305
"10",10,149.324736917209,1088.62079782584
"11",11,129.6528127803,1007.32909072255
"12",12,124.479574950567,976.656412648161
"13",13,112.951080702244,1000.41802571885
"14",14,109.328885942894,919.37639679535
"15",15,105.002812392082,899.506466601162
"16",16,107.71788873502,948.368846788748
"17",17,115.585405811631,1096.53170624755
"18",18,138.055322128524,1102.39184106911
"19",19,136.957613222621,983.35449793222
"20",20,116.582391763024,919.988889506826
