"","time","MRA","LR"
"1",1,0,0
"2",2,146.970258472442,523.463116338858
"3",3,86.3964861553305,537.877993862286
"4",4,128.406653105546,673.417911906592
"5",5,119.632338381351,729.21702437223
"6",6,109.820282706689,764.006513150884
"7",7,120.832809861517,727.438424178847
"8",8,120.277879270768,747.190526787082
"9",9,135.779863925647,852.522889193745
"10",10,118.778967493893,902.110297689727
"11",11,152.485162765675,1011.17785903525
"12",12,167.50115322904,1051.1945789657
"13",13,164.459108144288,1098.9632806919
"14",14,129.957242361075,973.944608175792
"15",15,121.479348099491,1100.7286252225
"16",16,117.091953794503,1117.95159390773
"17",17,112.324555431506,1253.1878058972
"18",18,143.368678439768,1225.26394857501
"19",19,132.837707528414,1146.67708700145
"20",20,115.70982053116,1126.95849505015
