"","time","MRA","LR"
"1",1,0,0
"2",2,120.959690142934,453.290451322835
"3",3,79.5545928356171,592.532474652566
"4",4,95.7575661763981,754.004665168258
"5",5,91.9024328208155,853.141109208255
"6",6,130.094107570557,981.151385475365
"7",7,107.807398458382,800.858506440443
"8",8,115.532105350742,888.695764335777
"9",9,149.324509043348,943.589719475316
"10",10,138.24345462125,975.062837428349
"11",11,124.134030890938,1055.56762445786
"12",12,129.186129006703,894.356578271185
"13",13,127.782279634817,1063.85234779187
"14",14,121.736483633906,1077.13324934165
"15",15,122.786378974397,1006.07324620571
"16",16,102.11514941139,1043.8711548033
"17",17,111.239008089794,1034.96079598153
"18",18,141.070353398527,1183.87193951779
"19",19,137.43167179393,1257.10282693355
"20",20,133.591753687933,1229.85479268161
