"","time","MRA","LR"
"1",1,0,0
"2",2,139.793197373594,470.822183057107
"3",3,96.1089423098496,475.255439885989
"4",4,72.7404357004767,534.362651937716
"5",5,83.3649384767565,628.38820140763
"6",6,101.721522894746,687.032116726586
"7",7,101.483632947622,807.747208537738
"8",8,91.8653177286876,749.675351755768
"9",9,103.961862529975,768.159014455365
"10",10,122.13392333874,756.54157381646
"11",11,109.296433189109,784.736623785775
"12",12,131.793693086437,839.202091544068
"13",13,132.102496718021,964.619180375765
"14",14,117.898753865271,958.24511245245
"15",15,106.487950434188,964.658318440319
"16",16,114.977280543691,947.060789861046
"17",17,124.945895518778,1054.38127622902
"18",18,100.944752784379,964.220144494735
"19",19,123.867641696634,1093.233371582
"20",20,125.854020031998,1170.17143735468
