"","time","MRA","LR"
"1",1,0,0
"2",2,130.630843400011,474.597358913733
"3",3,75.9144764192816,505.837747204294
"4",4,83.088924647159,575.213976599825
"5",5,84.5308990836505,610.540432208299
"6",6,112.702859894109,741.842709586213
"7",7,113.060685217584,724.751963536007
"8",8,125.067082934876,873.716791285391
"9",9,104.90561157009,726.046240457132
"10",10,124.733467500831,810.314768127491
"11",11,117.335611649733,825.148579758095
"12",12,129.247684709769,740.055093569746
"13",13,120.783188505028,801.127324039691
"14",14,120.848826671398,766.886867978454
"15",15,127.069476986338,823.616286431562
"16",16,115.811010906336,741.790962007504
"17",17,97.1590529378906,687.734030127207
"18",18,108.476021884975,712.843197045544
"19",19,105.050687407724,795.187398205255
"20",20,124.752446039396,949.678118641641
