"","time","MRA","LR"
"1",1,0,0
"2",2,135.680363928059,511.590803469158
"3",3,108.331841496593,596.879467677785
"4",4,87.9101582471283,557.233298338565
"5",5,81.8623616699174,655.288571987301
"6",6,79.3353583504747,780.214183940715
"7",7,80.8629608649735,734.931402234742
"8",8,101.901058270197,846.752217765569
"9",9,123.13618200935,853.551954873029
"10",10,143.710766214316,987.444256841624
"11",11,129.467255838514,967.158144951041
"12",12,127.048969495876,1126.31193802484
"13",13,111.860749677539,1187.54963386963
"14",14,115.702052019692,1039.66108368018
"15",15,114.281449302504,1041.75800452172
"16",16,112.415357425248,984.992743158012
"17",17,106.180053504615,1064.86262281479
"18",18,137.248515627558,1200.37974139866
"19",19,134.610462241699,1265.86333348306
"20",20,129.771639004958,1311.6588381075
