"","time","MRA","LR"
"1",1,0,0
"2",2,148.877468091533,494.865326875886
"3",3,108.266876756478,635.49633095027
"4",4,97.1894001798249,710.007519798529
"5",5,115.701142371641,757.18002657708
"6",6,129.512913503921,837.17532486913
"7",7,135.354122273266,985.289009029675
"8",8,134.637522549289,908.832252507149
"9",9,146.373432188759,959.206759539001
"10",10,146.13464298478,878.281868363957
"11",11,156.718266417579,1010.55742073249
"12",12,145.74010250809,922.015696060446
"13",13,160.303921979536,1055.49621283836
"14",14,140.525183054639,1085.93956034902
"15",15,112.508479793612,1046.09098859447
"16",16,122.874920120491,992.387285536277
"17",17,114.026246472917,970.656771354827
"18",18,112.763584158489,1071.80030077162
"19",19,122.641719728036,984.973076186193
"20",20,113.263955421564,1006.15368963191
