"","time","MRA","LR"
"1",1,0,0
"2",2,135.193232399059,493.634706469924
"3",3,70.5649034845853,533.956539946977
"4",4,82.0557480932056,632.294035811598
"5",5,88.2945153621467,775.315067308226
"6",6,105.162708941984,785.3658455173
"7",7,97.0865360280021,884.828279384676
"8",8,101.442268079924,905.277572440785
"9",9,130.638896848666,972.734274867017
"10",10,146.304558003979,939.633948092731
"11",11,148.301570371089,951.864244058238
"12",12,121.473437139679,911.288526169614
"13",13,144.322311791661,1011.42205322075
"14",14,128.892263494573,920.464038752124
"15",15,129.265413830462,1017.56143367885
"16",16,118.932164368376,952.217218301938
"17",17,120.688097946409,865.831423091646
"18",18,124.945050760373,801.01589450149
"19",19,138.456360913085,1076.29329116273
"20",20,158.690327209621,1180.31605594164
