"","time","MRA","LR"
"1",1,0,0
"2",2,160.247410535736,520.923455377447
"3",3,79.1638423834182,589.332179753585
"4",4,63.4987888513955,586.437078848105
"5",5,96.249464214471,693.854201920602
"6",6,106.680262915464,796.852766992744
"7",7,107.307630245268,868.266111874563
"8",8,130.296004115473,915.159533097709
"9",9,121.234754338228,810.528351177599
"10",10,116.283573976074,906.925702992198
"11",11,105.962391539235,858.030249680151
"12",12,116.432089158825,914.87282155844
"13",13,109.920250444185,920.773316126521
"14",14,120.267556629191,1029.48798785996
"15",15,115.35885933244,1105.69816589491
"16",16,127.974057881528,1185.5733376252
"17",17,113.491431226603,1039.87920372358
"18",18,120.813825409063,1030.11138841025
"19",19,131.233618215028,958.875359647607
"20",20,101.546008352621,981.598755163969
