"","time","MRA","LR"
"1",1,0,0
"2",2,134.551595392326,477.246902461727
"3",3,90.2656697801734,652.628096062433
"4",4,89.0770665381918,627.126735324708
"5",5,85.953624196366,758.60922741142
"6",6,94.8510797553239,804.719075247701
"7",7,106.599478086437,945.853165903246
"8",8,125.986554411816,991.872422255061
"9",9,99.6479225844935,1149.60971376003
"10",10,109.758026869009,1314.84225016202
"11",11,137.895718312629,1160.83310769359
"12",12,146.072085812477,1189.59030837876
"13",13,136.285084676023,1000.1596752496
"14",14,107.339138002886,1010.15390830272
"15",15,113.524068450884,1067.50107723391
"16",16,137.08310788781,1147.89008094011
"17",17,130.20604452927,1001.41404196441
"18",18,152.269824137381,943.021864403038
"19",19,120.608342419602,868.67942486991
"20",20,118.95665421278,931.792262676545
