"","time","MRA","LR"
"1",1,0,0
"2",2,138.563304835035,514.759684858528
"3",3,79.7366514738568,604.244489480788
"4",4,107.774914195311,859.503157845244
"5",5,107.424707227094,706.694156678865
"6",6,119.261262793393,848.263592953022
"7",7,124.699144916205,872.065806988558
"8",8,143.526778891309,841.336534673752
"9",9,102.028868527515,792.669991441378
"10",10,123.898794178688,905.450991215313
"11",11,110.405080917929,938.292113987486
"12",12,100.616221598636,977.858052578273
"13",13,111.889742349907,1070.32240173395
"14",14,105.989717213854,1159.75187850388
"15",15,120.922236464445,1114.28081056049
"16",16,131.775669130218,1084.63345623049
"17",17,113.902173967991,1179.40881641119
"18",18,108.830310121948,1092.64859151704
"19",19,144.205066026251,1057.62049505607
"20",20,134.101875227115,1101.24176290497
