"","time","MRA","LR"
"1",1,0,0
"2",2,143.802359409335,496.407399553456
"3",3,83.9723293454932,544.770862974555
"4",4,87.7011208230352,604.735969937981
"5",5,89.0016900279967,741.446997508376
"6",6,119.542269922842,918.799173923967
"7",7,122.724277009901,956.175966780006
"8",8,120.906599517608,1076.06917952887
"9",9,131.861007313831,1125.37432327197
"10",10,129.080955676954,1071.56919828352
"11",11,114.45156315658,1056.9303532596
"12",12,148.768978776984,1083.30771101155
"13",13,134.935694733443,1068.31287348181
"14",14,146.729784128794,1066.62474892191
"15",15,127.401460126009,1239.30695895253
"16",16,139.26011893131,1106.64805706281
"17",17,137.594651548617,1014.98063419899
"18",18,128.318911420319,1013.4666492622
"19",19,144.921249352866,1043.85303487959
"20",20,131.947837432657,1187.13009114322
