"","time","MRA","LR"
"1",1,0,0
"2",2,147.246969975725,502.922731129938
"3",3,89.2869927653784,559.13546190283
"4",4,90.9740408674361,668.87987118181
"5",5,110.261832665376,684.357972072781
"6",6,113.340397068388,690.075371408761
"7",7,100.708212600166,778.219882331809
"8",8,124.463071204451,945.959115602967
"9",9,119.15450382158,797.926794488539
"10",10,136.391600548439,903.320323642757
"11",11,139.673091868372,939.810266244538
"12",12,126.126033628992,928.032447673183
"13",13,131.533625149724,816.547176695089
"14",14,125.092584860671,765.42562231681
"15",15,135.646834193296,1004.95608354746
"16",16,132.877959860186,1069.03703143991
"17",17,128.155124750461,1015.20956854601
"18",18,117.256445388144,1003.44795310391
"19",19,135.569684179037,1184.4968187142
"20",20,143.070348978696,1020.87420686715
