"","time","MRA","LR"
"1",1,0,0
"2",2,127.822695981823,475.752062906541
"3",3,78.6220183791577,472.818136845707
"4",4,80.1296402090298,550.928345320297
"5",5,96.1252221323278,644.110349535305
"6",6,106.59520236502,764.944900600918
"7",7,108.52403764962,840.995200339765
"8",8,145.973435423261,851.512252727113
"9",9,135.148133625206,904.289928189452
"10",10,122.841279256976,888.762045021569
"11",11,131.20838016522,982.016712245117
"12",12,123.150676976911,955.925222667469
"13",13,136.16976566916,1104.00448543164
"14",14,133.453815773526,972.647109554184
"15",15,159.884958046351,1134.19784768227
"16",16,162.676932592959,1191.02418507613
"17",17,163.517721932097,1148.32706646067
"18",18,162.900938835374,1073.82212299928
"19",19,138.76499651283,1065.5773614072
"20",20,121.853622352671,1219.63347727857
