"","time","MRA","LR"
"1",1,0,0
"2",2,124.529263265873,474.078085814599
"3",3,80.7914464311818,566.944387187199
"4",4,65.999958233143,597.138042617508
"5",5,115.131233522731,866.846681125798
"6",6,116.847536734737,885.487405440949
"7",7,112.913260040267,1028.53764449464
"8",8,110.491684367361,872.802018090255
"9",9,127.214939179977,959.768128321108
"10",10,133.61892104771,1046.04167504702
"11",11,144.621126386209,1137.15595905706
"12",12,135.35520822837,1066.2398731539
"13",13,123.47374355024,958.99172468533
"14",14,130.053657067004,983.070977928369
"15",15,115.228286042962,882.107634604837
"16",16,111.281203114952,950.135759904496
"17",17,103.023898617668,929.267443393894
"18",18,115.099194058813,916.2761874798
"19",19,128.54710447513,1147.75845264503
"20",20,122.10311942524,1108.84538718916
