"","time","MRA","LR"
"1",1,0,0
"2",2,134.970813472635,437.160832520913
"3",3,85.3851006026676,539.038406700964
"4",4,75.3176091185582,581.539615979463
"5",5,108.373748073364,621.00935676818
"6",6,124.385325266203,787.459879283289
"7",7,145.009632357143,869.004782326905
"8",8,129.189752818898,919.653660209647
"9",9,122.01615935753,946.098012265219
"10",10,118.185624721101,1016.42444473834
"11",11,101.419317453611,1186.38978026446
"12",12,135.748146722084,1258.79633645881
"13",13,114.71332042771,1357.03695450549
"14",14,135.828737617367,1231.37576919017
"15",15,141.516793099881,1062.52053187664
"16",16,116.324062350641,944.95537313353
"17",17,130.232292195118,1034.50308618981
"18",18,113.908695438472,894.915097374725
"19",19,125.958755690895,1136.200744106
"20",20,104.787885233238,1150.01709267653
