"","time","MRA","LR"
"1",1,0,0
"2",2,142.261524840367,519.220467542146
"3",3,72.6057845716059,513.998278700889
"4",4,66.6708315129531,559.721551543745
"5",5,87.6702944357083,744.356547159485
"6",6,118.397922298602,757.211887232352
"7",7,115.11449039849,756.337603337943
"8",8,120.661976497335,779.403423667265
"9",9,149.445107256019,812.918740968584
"10",10,170.607886832192,841.287123469829
"11",11,134.360331356227,763.831547935857
"12",12,105.329077022459,900.342137366299
"13",13,94.6539840602327,953.211106455626
"14",14,100.583896796089,881.91749272209
"15",15,97.4171162075862,943.271458010375
"16",16,99.0782615839149,1043.77683742402
"17",17,106.560481451281,970.785262318452
"18",18,123.743905417334,1002.95485756217
"19",19,114.915969567749,903.359685510195
"20",20,122.106147844343,829.885620914514
