"","time","MRA","LR"
"1",1,0,0
"2",2,128.151324502151,477.881641348942
"3",3,103.316154140035,556.633442491746
"4",4,90.0552791050953,572.638629204791
"5",5,85.2044776862742,723.725072549551
"6",6,102.260565958628,682.08421304649
"7",7,96.2064263235542,720.227994003281
"8",8,116.107887137302,723.667943213867
"9",9,120.219984566565,731.221639712777
"10",10,119.136307453713,738.888149368061
"11",11,102.583675282358,863.846259531805
"12",12,102.197287801951,927.159029891887
"13",13,126.926389438715,914.354600744176
"14",14,129.091856497148,828.642720933646
"15",15,154.334435158168,976.894548584918
"16",16,161.519411085781,950.945935939583
"17",17,137.410244497845,885.607955488071
"18",18,132.343718289429,975.539467765251
"19",19,148.487429677469,1137.51287723144
"20",20,137.61437751172,1030.16545999955
