"","time","MRA","LR"
"1",1,0,0
"2",2,123.727987587901,439.198070949212
"3",3,79.1632828276837,530.919550682963
"4",4,98.0735736464316,629.015821098981
"5",5,95.8306732809456,650.57080172987
"6",6,106.241293452332,682.223961527807
"7",7,130.415808058291,876.243421664095
"8",8,118.93608211832,909.57663889803
"9",9,118.86097108222,919.712324503759
"10",10,114.008088320599,1006.59411313235
"11",11,80.0818891612857,928.692817363172
"12",12,113.014714157505,1096.37946940066
"13",13,94.7664582604624,877.28825147163
"14",14,84.3277341498014,952.277243133463
"15",15,138.793306122147,966.793877608508
"16",16,123.602210953758,1020.69113398488
"17",17,126.965342483674,1012.02156803833
"18",18,143.730316827413,1071.33401956292
"19",19,152.365143904253,1042.81875365959
"20",20,132.977764469354,1202.14848168173
