"","time","MRA","LR"
"1",1,0,0
"2",2,145.594427435523,568.750350714631
"3",3,81.3053188411679,654.340695415027
"4",4,96.3714249255682,710.85890143726
"5",5,119.320525315389,817.935133334357
"6",6,112.701519704584,931.056899709779
"7",7,126.967958044575,975.272421605464
"8",8,124.985226103752,989.588716863237
"9",9,127.528744147703,1083.82502877112
"10",10,109.574545116867,993.183860992538
"11",11,125.841148586179,897.856580031866
"12",12,139.843737531722,994.690568334378
"13",13,149.192274359795,983.11509930778
"14",14,140.88875923057,1107.25466611484
"15",15,119.252020273485,1095.71601155744
"16",16,128.820948976865,1131.58398445384
"17",17,129.641279654675,1020.13187364007
"18",18,115.696961777932,804.330298817249
"19",19,103.961683362694,848.704360982905
"20",20,113.185717673179,939.457541945812
