"","time","MRA","LR"
"1",2,0.984511409448418,1.00496292168477
"2",3,0.988990830350162,1.02397209213314
"3",4,0.997190064101981,1.13639791744405
"4",5,0.962440224461958,1.03572254325441
"5",6,1.00793018929091,1.12480425236336
"6",7,1.00738374863426,1.09540565140536
"7",8,1.03559513291146,1.1940805358201
"8",9,1.05556975852927,1.21095569595708
"9",10,1.04391042682727,1.22437729607388
"10",11,1.04576981339845,1.22331157470851
"11",12,1.02992926161991,1.200267871175
"12",13,1.0306085692267,1.2274246766461
"13",14,1.03725798812042,1.2119564902158
"14",15,1.02119834684919,1.23433738110754
"15",16,1.03039896239095,1.29029950046974
"16",17,1.05749350550113,1.22780798867157
"17",18,1.02366965708606,1.34499993757107
"18",19,1.01298631804305,1.24684108227556
"19",20,1.02466340142916,1.24415747519027
