"","time","MRA","LR"
"1",2,0.967927919498397,0.974381985810103
"2",3,1.05105953149247,1.02262987415568
"3",4,1.02707671000382,1.14968742759506
"4",5,1.02351841939716,1.17834225464969
"5",6,1.00321197079991,1.16408165278087
"6",7,1.01000371081057,1.09098789334776
"7",8,1.05405133628131,1.15155591145056
"8",9,1.01467698833473,1.06775743235069
"9",10,1.04864635377602,1.22409792629778
"10",11,1.04194444585729,1.18996201283621
"11",12,1.04319370426536,1.28428035972389
"12",13,1.01797277424154,1.30271662234066
"13",14,1.05733362157616,1.30069055760576
"14",15,1.02772954815665,1.18643405453797
"15",16,1.03383333334997,1.30997426983071
"16",17,1.0010921104123,1.35347638180125
"17",18,1.01602144977811,1.2605930859918
"18",19,1.03958241746836,1.27760382408897
"19",20,1.0220090980032,1.25604451642037
