"","time","MRA","LR"
"1",2,1.01804594400726,1.05174914596164
"2",3,0.976191460509027,1.00578871187952
"3",4,1.01468352281959,1.02157149273312
"4",5,1.00333375806057,1.06316616852578
"5",6,1.0519713477744,1.10564701504175
"6",7,1.00832710304655,1.07075957594483
"7",8,1.00654831287084,1.1431504163846
"8",9,1.0090074734602,1.10891789135562
"9",10,1.01129093219415,1.12087873104
"10",11,0.999527351315475,1.16761268963043
"11",12,1.00193572294859,1.14076110484196
"12",13,1.0512892360426,1.12925159060985
"13",14,1.04982856934399,1.16854307025279
"14",15,1.04136047750538,1.134606157081
"15",16,1.00085375052212,1.17426541083834
"16",17,1.01322906795415,1.13426820975969
"17",18,1.03233214121906,1.17938390527284
"18",19,1.05372634297731,1.22721574123414
"19",20,1.0552774347147,1.22710077841858
