"","time","MRA","LR"
"1",2,0.971903635170934,0.980378104508887
"2",3,1.03230098066443,1.11707177941198
"3",4,1.03340828782432,1.11212224186263
"4",5,0.984380850553297,1.11151728470727
"5",6,0.99862874518502,1.08956781014417
"6",7,1.01673428587886,1.12567467939391
"7",8,1.04948836230409,1.14999656400114
"8",9,1.02482273065849,1.10859861072523
"9",10,1.02354063686221,1.20667564897383
"10",11,1.05984621595422,1.19731785330295
"11",12,1.07704042761596,1.20495149793032
"12",13,1.05522038586733,1.1117070749878
"13",14,1.10381704883561,1.22326698859056
"14",15,1.0813750701983,1.26362655284814
"15",16,1.03818157722445,1.13964164240566
"16",17,1.07298640229275,1.26948804250609
"17",18,1.04958059977565,1.25713134020938
"18",19,1.04983314169052,1.27316656400602
"19",20,1.0806286535098,1.36150266204684
