"","time","MRA","LR"
"1",2,0.996496592651466,1.0252456756617
"2",3,1.03670711379089,1.07918857472169
"3",4,1.00868029136206,1.08020246689211
"4",5,1.01319565275155,1.13794289827469
"5",6,1.02472268731827,1.16039300464168
"6",7,1.02449033819775,1.15229505478513
"7",8,1.02084741761024,1.09459727050994
"8",9,1.02016842156143,1.17874895917569
"9",10,1.0471038762116,1.21673290026861
"10",11,1.03682944220762,1.23646676480176
"11",12,1.04621752114775,1.21299152094243
"12",13,1.01529619155635,1.08957993817946
"13",14,1.03437227979447,1.17279691728997
"14",15,1.00093778963187,1.16566000347474
"15",16,1.04414175813052,1.21090970031763
"16",17,1.05039805937166,1.30577937211931
"17",18,1.04435458605708,1.25281059444131
"18",19,1.03415692163004,1.32711125710986
"19",20,1.01345224057682,1.3044122318239
