"","time","MRA","LR"
"1",2,0.961053083974126,1.03239550409477
"2",3,1.0214126406849,1.06957735976516
"3",4,1.00276544905812,1.07788948568438
"4",5,0.991317315970062,1.09692202689933
"5",6,1.01150353981948,1.08156757295451
"6",7,1.0067866064901,1.16062527384539
"7",8,1.0385441964533,1.17267340023843
"8",9,1.02780069436503,1.10767766497395
"9",10,1.03619535517917,1.20293806165822
"10",11,1.07201397493701,1.26453580852359
"11",12,1.01527556571283,1.26303735220703
"12",13,1.06397192284979,1.32989868714921
"13",14,1.05066166793826,1.28435611849737
"14",15,1.06374813650062,1.22940000230592
"15",16,1.02671187727956,1.16143471426682
"16",17,1.03481938078082,1.20192055201852
"17",18,1.06454338440112,1.27719125598284
"18",19,1.04445619384871,1.21619990271854
"19",20,1.02265131317339,1.2579182680108
