"","time","MRA","LR"
"1",2,0.964874374325474,1.01198802161071
"2",3,1.05281349834874,1.06994130164176
"3",4,1.03436907690832,1.09041725261636
"4",5,1.03323312971201,1.141570873855
"5",6,1.02177612910444,1.11456476276648
"6",7,1.0348523774368,1.17684206641897
"7",8,1.0183845104968,1.11997739770997
"8",9,1.0564486169318,1.13725667688312
"9",10,1.01306973609812,1.08338085255896
"10",11,1.00275758244657,1.15132734159311
"11",12,1.05289066503029,1.17108930977751
"12",13,1.04327681743097,1.25313147550361
"13",14,1.04994295037122,1.20006317915382
"14",15,1.02270032755719,1.15514323235617
"15",16,1.07766586251671,1.2529724081316
"16",17,1.03719454942322,1.17298473736287
"17",18,1.03728910504741,1.20777995827131
"18",19,1.04580348572745,1.16271409734815
"19",20,1.03898081866177,1.03158740600906
