"","time","MRA","LR"
"1",2,1.00541337710143,1.00681907103265
"2",3,1.00537027796564,0.992844272889577
"3",4,1.00486236112063,1.03207730540471
"4",5,1.01985074812263,1.07616996957441
"5",6,1.04045622485107,1.13801296801948
"6",7,1.00327219578276,1.10534520806326
"7",8,1.03382528291391,1.19991792762775
"8",9,1.00227911081818,1.23069173787238
"9",10,1.0017463641272,1.26351147906912
"10",11,1.00132738501388,1.22560466295804
"11",12,1.00805347197907,1.24737780401349
"12",13,1.01809933425799,1.23899778876244
"13",14,1.01763492713922,1.23530804002953
"14",15,1.05131467088312,1.18087811664568
"15",16,1.06557326404028,1.33199174337406
"16",17,1.06204819576116,1.31611300021881
"17",18,1.0153166549708,1.2110402554804
"18",19,1.05178554687332,1.2279777165756
"19",20,1.00571694181338,1.213775718282
