"","time","MRA","LR"
"1",2,0.99930549700497,1.0005236898017
"2",3,1.00728237610362,1.07351424872596
"3",4,1.01881598211057,1.133317557033
"4",5,1.02599200183531,1.1790603977246
"5",6,1.02640627659269,1.17374993734539
"6",7,1.02383149395529,1.2373728527233
"7",8,1.03413228728491,1.22553428552434
"8",9,1.01035924434921,1.19917532925338
"9",10,0.997064916851225,1.16436304590375
"10",11,1.01533131625324,1.21951503672589
"11",12,1.01384667678386,1.2338553982264
"12",13,1.02103283119865,1.17010501930582
"13",14,1.02703392541658,1.14917513437507
"14",15,1.04141265148582,1.2452935183036
"15",16,1.06893916710161,1.11455916574077
"16",17,1.03297452312549,1.20724891310965
"17",18,1.10979564779045,1.28994562997937
"18",19,1.09049015573774,1.32412982880444
"19",20,1.05633147860229,1.35803964969721
