"","time","MRA","LR"
"1",2,0.957650599459358,1.00971590476746
"2",3,0.992858959700207,1.0284808924964
"3",4,0.998768265786043,1.08245939513869
"4",5,1.01757340901866,1.0787394841611
"5",6,0.999341953829045,1.04765076877924
"6",7,1.02304053715222,1.03681344104252
"7",8,1.05002826562744,1.14359406268574
"8",9,1.04454248883311,1.15383685228035
"9",10,1.04668475529133,1.16197936395081
"10",11,1.03742366174773,1.18851735140938
"11",12,1.01607269770336,1.18094252054592
"12",13,1.0595663475839,1.23173802461779
"13",14,1.06100988808832,1.29748934020166
"14",15,1.0338618831621,1.18421841033222
"15",16,1.03346403408213,1.2851953910086
"16",17,1.03956762979084,1.22530073030203
"17",18,1.05029830083126,1.23548294780122
"18",19,1.03468153265893,1.19463316232746
"19",20,1.01511591765875,1.15627785935135
