"","time","MRA","LR"
"1",2,0.986221734622149,0.979373701852701
"2",3,0.980111889834324,1.01489465657357
"3",4,1.01649467417411,1.07890804128798
"4",5,1.033309735439,1.09778148079084
"5",6,1.01938547074886,1.10710595198314
"6",7,1.01695345417656,1.15809099976672
"7",8,1.03067762583764,1.26834150164133
"8",9,1.00864023932645,1.26293401201663
"9",10,1.0259454836674,1.28600237549478
"10",11,1.03173804195075,1.2273481866998
"11",12,1.06365951092639,1.2181851330335
"12",13,1.04666707016345,1.19913515788342
"13",14,1.05489566221198,1.1997574009615
"14",15,1.02604285573285,1.16444525727892
"15",16,1.07095701296577,1.2051291437283
"16",17,1.01801704804975,1.19657590072001
"17",18,1.04821798080302,1.20162501040047
"18",19,1.0474026971336,1.18029128147598
"19",20,1.068259750389,1.22939940751835
