"","time","MRA","LR"
"1",2,0.985786155447434,0.998067720078521
"2",3,1.03907965078778,1.03408363967022
"3",4,0.977769362214092,1.08980397224881
"4",5,1.01608855776447,1.10271394678376
"5",6,1.00225704579827,1.1645899693142
"6",7,1.04521389235871,1.15125379085994
"7",8,1.02259583603744,1.17333974211322
"8",9,1.01577288086917,1.15214968161754
"9",10,1.05030750498397,1.1587234336833
"10",11,1.05129575402564,1.21913010113319
"11",12,1.04269967482128,1.13128096010749
"12",13,1.07781049644244,1.26629240655404
"13",14,1.06060271508109,1.3192407184643
"14",15,1.09035428525762,1.31300957940115
"15",16,1.09735580183316,1.34860584185257
"16",17,1.05295058828363,1.267624755734
"17",18,1.0270976248536,1.22860189813022
"18",19,1.05817715629478,1.25336500083934
"19",20,1.0499729244308,1.17267040864274
