"","time","MRA","LR"
"1",2,0.999447298139815,1.02697170613088
"2",3,1.01561567041404,1.07430410426805
"3",4,1.01740841156556,1.04404214554909
"4",5,1.00162101360718,1.1068045493314
"5",6,0.997578978550285,1.12129323492607
"6",7,0.995205222863916,1.05646947859424
"7",8,1.02226395884704,1.09618713880261
"8",9,1.01113192438495,1.1240145517264
"9",10,1.01902838976015,1.14002483583
"10",11,0.994178426381209,1.10996206976445
"11",12,1.00829303383368,1.0574564157748
"12",13,1.04951219637906,1.10506741221822
"13",14,1.01671076385331,1.20508879887865
"14",15,1.01460975062683,1.21211872510155
"15",16,0.993310795363914,1.18001476850538
"16",17,1.03662580364958,1.30144081922898
"17",18,1.00642651125477,1.18542876963421
"18",19,1.02276350525592,1.25749991706092
"19",20,1.0419313069753,1.2328991060145
