"","time","MRA","LR"
"1",2,1.05003630720663,1.13077377027807
"2",3,1.06069293469707,1.16279843341298
"3",4,1.04736681689168,1.17436747042233
"4",5,1.04668571509432,1.17258264274524
"5",6,1.03414470564811,1.14000567392036
"6",7,0.992633215571578,1.11308123802681
"7",8,1.00575917591479,1.15006039789528
"8",9,1.02525357539292,1.13396200580652
"9",10,1.00250847102479,1.17276748123175
"10",11,1.04380317286228,1.22172099052958
"11",12,1.01141810931356,1.25339539375214
"12",13,1.04889748773046,1.18976272961947
"13",14,1.02870927500832,1.13155608144557
"14",15,1.0168153523836,1.16192887848416
"15",16,1.0576871521537,1.1702294574061
"16",17,1.01190594728669,1.10866168956053
"17",18,1.02559575581089,1.11387763070646
"18",19,1.04164032416702,1.16272406277018
"19",20,0.995902891768043,1.06178886045874
