"","time","MRA","LR"
"1",2,1.01176866146043,0.967434142294638
"2",3,0.999225834083265,1.05059423686188
"3",4,1.00513796634702,1.0526074402357
"4",5,1.03163053901971,1.06229081721715
"5",6,1.07041064542651,1.10916416826091
"6",7,1.04633456574547,1.15941734920606
"7",8,1.0460520868597,1.16812080409349
"8",9,1.02414552868107,1.22043348500672
"9",10,1.01406929763745,1.25285438258941
"10",11,1.01226605028033,1.31722828432292
"11",12,1.03100916958852,1.35285714518789
"12",13,1.01975104237055,1.4420045422191
"13",14,1.02475749957095,1.41957107555756
"14",15,1.01168065045348,1.29563477829423
"15",16,1.03803540855647,1.19533322634447
"16",17,1.0260256207027,1.30318784575329
"17",18,1.01518065554565,1.21839878041094
"18",19,1.03378963285005,1.37774638054937
"19",20,1.01384129242375,1.33841311159816
