"","time","MRA","LR"
"1",2,0.965377242391773,1.00211155446999
"2",3,1.00246198291534,1.06756595386357
"3",4,1.03242109897804,1.11605095023495
"4",5,1.05250113878015,1.15607903837502
"5",6,1.03016992419697,1.15734622074301
"6",7,1.03843073175113,1.19374438631002
"7",8,1.03709696702807,1.21378177071585
"8",9,1.05999278052845,1.25284088626363
"9",10,1.03830897760471,1.1985056619338
"10",11,1.05383056582867,1.26536975452881
"11",12,1.02838131624572,1.12940714609841
"12",13,1.02041487441407,1.23782801080628
"13",14,1.05762125726203,1.23287863111311
"14",15,1.050653731818,1.16991457370619
"15",16,1.03758686213228,1.14957173129124
"16",17,1.03561882616162,1.23088948707627
"17",18,1.03236732330851,1.19180957262363
"18",19,1.07305060232007,1.26868654062273
"19",20,1.04941000481997,1.19321258783919
