"","time","MRA","LR"
"1",2,0.964524622117709,0.998349366719179
"2",3,1.0231137002835,1.08071026218214
"3",4,1.0086140799935,1.08409527413166
"4",5,1.05292780757957,1.11892421381191
"5",6,1.06075073895827,1.15363113597969
"6",7,1.05495795542749,1.15325815248603
"7",8,1.0653056062198,1.31946936817507
"8",9,1.02754344346535,1.26193224346775
"9",10,1.02476466502159,1.22466815390662
"10",11,1.00564522989083,1.13460242619652
"11",12,1.03483503792981,1.20867473302505
"12",13,1.05131295388256,1.3157738859859
"13",14,1.04917672406939,1.23694471181708
"14",15,1.0414353789632,1.26828929959531
"15",16,1.06711566729677,1.29797382991956
"16",17,1.05627024781545,1.228176837606
"17",18,1.02219360659082,1.24856025546993
"18",19,1.02742817099262,1.23547887917554
"19",20,1.07342181183109,1.42305135014321
