"","time","MRA","LR"
"1",2,1.02623941881299,1.05800824406261
"2",3,1.00569546506667,1.06470543121249
"3",4,1.01006079368248,1.10442291086308
"4",5,1.01667585182004,1.14266394707726
"5",6,1.01657237440329,1.16263031788518
"6",7,1.03106702084846,1.19286891274833
"7",8,1.02103853513786,1.2135973878201
"8",9,0.999115056361876,1.10252408606057
"9",10,1.01010954064926,1.16117290680134
"10",11,0.996953059320214,1.06115751512187
"11",12,1.01434143278248,1.12644061116999
"12",13,1.01729219413571,1.13301618455978
"13",14,1.04164532255535,1.18588016754578
"14",15,1.02773591765052,1.21395005216354
"15",16,0.995897219975564,1.09438601960088
"16",17,1.02275760536303,1.19081097185684
"17",18,1.05147506200249,1.21354996182522
"18",19,1.02941709080621,1.23842140808494
"19",20,1.04027848207205,1.16847898281828
