"","time","MRA","LR"
"1",2,1.01139154910968,1.02662472433183
"2",3,0.970509548266535,1.02192622888047
"3",4,1.03703744322921,1.07371668003249
"4",5,1.02868830616923,1.06134035652727
"5",6,1.01114378298627,1.12618918613642
"6",7,1.0268686318736,1.20083117175213
"7",8,1.03995910920466,1.16994072877749
"8",9,1.00910452539374,1.12766130100715
"9",10,1.01765639302881,1.16111632550166
"10",11,1.01599840018377,1.14709851365481
"11",12,0.992639210721419,1.19845696219143
"12",13,1.05085647137868,1.21053751426659
"13",14,1.00670903423325,1.11018918892118
"14",15,1.01826311689437,1.34481288201398
"15",16,1.0084567385215,1.27973966767234
"16",17,1.06413582218007,1.38430372605947
"17",18,1.07330283967389,1.30615439813308
"18",19,1.05019150287968,1.30958486122585
"19",20,1.07373829714706,1.3660762878811
