"","time","MRA","LR"
"1",2,1.00091310130617,1.0216502306259
"2",3,1.02678890962565,1.06458451918197
"3",4,0.975793400745595,1.0943150692521
"4",5,1.01430476774436,1.1266599187463
"5",6,1.02292583508138,1.06908629454628
"6",7,1.04016993916491,1.14221643072929
"7",8,1.03872011927352,1.1999348442568
"8",9,1.05630240546019,1.1806965268539
"9",10,1.04110667000721,1.16049734093096
"10",11,1.04851113903164,1.19685077120705
"11",12,1.03032137369857,1.10357140918685
"12",13,1.02845911233513,1.11951146630412
"13",14,1.05674750782524,1.22387846271354
"14",15,1.04840019940209,1.21391431462519
"15",16,1.02350015906159,1.11876524316947
"16",17,1.04106578146512,1.17294387912133
"17",18,1.03546395786553,1.22986918583097
"18",19,1.02595904235249,1.18639966173043
"19",20,1.02205092349367,1.258765612278
