"","time","MRA","LR"
"1",2,0.973574361850009,1.0375574125891
"2",3,1.00065715329555,1.06555542245571
"3",4,0.992071238019437,1.07588545905405
"4",5,1.0124583628419,1.07830402129157
"5",6,1.0278442632162,1.11644324457861
"6",7,1.0262352909035,1.17207269610844
"7",8,1.06116508460237,1.18087624186118
"8",9,1.03943249891379,1.13188995657817
"9",10,1.02230394737373,1.20088023431409
"10",11,1.02636824794343,1.23253706652507
"11",12,1.05204006634702,1.34882524625276
"12",13,1.05414926850903,1.33782041522228
"13",14,1.09250223913588,1.36981688752038
"14",15,1.04327487277756,1.31086966486941
"15",16,1.02441518555194,1.28998849737885
"16",17,1.04172269668481,1.3121856350258
"17",18,1.0363407238742,1.37305734082219
"18",19,1.02605794194376,1.35065430382206
"19",20,1.05255802021718,1.42424170549726
