"","time","MRA","LR"
"1",2,0.956002961699439,0.986850019854605
"2",3,1.01970300500149,1.02830117069972
"3",4,1.02743227177016,1.01467706075183
"4",5,1.01050173691262,1.06058255863613
"5",6,1.01330530236958,1.09674622155014
"6",7,1.02860526854661,1.08071640247879
"7",8,0.989965171635385,1.09850964945688
"8",9,1.00187376098799,1.12974652889996
"9",10,0.998912716056201,1.15310150783075
"10",11,1.03011678308609,1.21606206973002
"11",12,1.05582031349297,1.26761834652745
"12",13,1.02000133904054,1.24805214726154
"13",14,1.02580153788004,1.28214648793027
"14",15,1.01831590444371,1.24168578057252
"15",16,1.06354861953336,1.23846538569575
"16",17,1.06138826831445,1.26030862649016
"17",18,1.04862253789984,1.23769049322413
"18",19,1.0258080401505,1.29297709837505
"19",20,1.00423928605891,1.16776077284648
