"","time","MRA","LR"
"1",2,1.00378081732585,1.07270659195887
"2",3,1.04005705769194,1.08458815536386
"3",4,1.00340230690808,1.10706527601589
"4",5,1.0220576885373,1.0781259248718
"5",6,1.01194655892744,1.05945950440709
"6",7,1.03846683871574,1.11645763983748
"7",8,1.05870750590936,1.20398163577147
"8",9,1.0640594486455,1.19405946754077
"9",10,1.06472816521084,1.15429907368729
"10",11,1.08012853413446,1.2165221199663
"11",12,1.05059794514159,1.23685498866187
"12",13,1.02943820030646,1.1915427914866
"13",14,1.03682560123042,1.21199838536087
"14",15,1.02618806249261,1.21133704944353
"15",16,1.03006428214862,1.21060156509903
"16",17,1.03541082914434,1.24157706795442
"17",18,1.03250009814045,1.22196005612075
"18",19,1.04265813980463,1.24090434039112
"19",20,1.0358028733488,1.2029253601716
