"","time","MRA","LR"
"1",2,1.01856126496405,1.07699930138674
"2",3,1.02361191237165,1.04362247270193
"3",4,1.0399276135521,1.08968047783695
"4",5,1.01214583725696,1.10621582445992
"5",6,1.04051944123282,1.18222983763424
"6",7,1.01596410395791,1.18238054089143
"7",8,1.03616349824838,1.26625519350825
"8",9,1.02125274920776,1.2029375663776
"9",10,0.992243613918406,1.16118387947165
"10",11,1.02296683841471,1.24351230288955
"11",12,1.03749202357054,1.2743015910637
"12",13,1.03695107760219,1.25511618872673
"13",14,1.03486583321624,1.31341076042261
"14",15,1.06696390187439,1.30878521412238
"15",16,1.03464299584014,1.30072396256782
"16",17,1.05692074119439,1.31342198290946
"17",18,1.05030336221158,1.25801362274667
"18",19,1.06193406518136,1.19039215033644
"19",20,1.06572819958454,1.24524557937772
