"","time","MRA","LR"
"1",2,1.00409621895366,1.05159051082118
"2",3,1.01170052019622,1.03494405008183
"3",4,1.00770648837943,1.02868781351144
"4",5,1.01347768106186,1.04084151175543
"5",6,1.0458785111336,1.12663502086302
"6",7,1.04030296907663,1.11057276178763
"7",8,1.05846082219304,1.15923101889874
"8",9,1.05621042379843,1.2126854688898
"9",10,1.03909555440626,1.17488380129561
"10",11,1.04168847307367,1.18101840625677
"11",12,1.05442488511131,1.24955015316143
"12",13,1.05052622473003,1.28275114721553
"13",14,1.03368157582784,1.32004319173923
"14",15,1.04546960258841,1.24163985286305
"15",16,1.07588693289906,1.28758528520457
"16",17,1.08584327787711,1.36030231793099
"17",18,1.05949261552392,1.27341105793387
"18",19,1.02481022872284,1.25917932324251
"19",20,1.03246172789279,1.29659385421524
