"","time","MRA","LR"
"1",2,1.04730685339752,1.10625630953684
"2",3,1.02813350253256,1.07918540139744
"3",4,1.02042728525324,1.1149223012642
"4",5,1.01258275585689,1.1767390336682
"5",6,1.04039214780603,1.21356297689952
"6",7,1.01225605228454,1.17651602775763
"7",8,1.04411858918641,1.20107456647891
"8",9,1.04092774123082,1.20963113124623
"9",10,1.03640480644062,1.21675707254124
"10",11,1.03213546352651,1.15463930077149
"11",12,1.05606340511233,1.24991768670714
"12",13,1.05036906529949,1.30666285606165
"13",14,1.03481421909442,1.31489043934212
"14",15,1.07314889938882,1.32302383959918
"15",16,1.05632482012673,1.25978847626502
"16",17,1.0837027973369,1.27786457301509
"17",18,1.0717821136554,1.31055935448323
"18",19,1.05676621584203,1.19018950972083
"19",20,1.08293418250488,1.29629930725037
