"","time","MRA","LR"
"1",2,0.999868653074584,1.03346959706814
"2",3,1.03596264804593,1.04657290109642
"3",4,1.07455329075355,1.09555253995518
"4",5,1.06739826192679,1.16219742377527
"5",6,1.06794419106151,1.22031014929418
"6",7,1.04956585257366,1.19949736061253
"7",8,1.05688453642886,1.28255111509999
"8",9,1.04087994247317,1.19115260032789
"9",10,1.05340302927534,1.24458320748617
"10",11,1.02869687708482,1.20254344015791
"11",12,1.00923529307855,1.18099988176579
"12",13,1.03923989060398,1.15003719330165
"13",14,1.01572805821842,1.1783752504588
"14",15,1.04169464650877,1.29708501623219
"15",16,1.04761201713533,1.26489915527129
"16",17,1.03007069069014,1.22718159514653
"17",18,1.00748532567371,1.278216477958
"18",19,1.0421396591214,1.22892555143011
"19",20,1.04194031716804,1.20115666178573
