"","time","MRA","LR"
"1",2,1.02513188439172,1.04149121337113
"2",3,1.02675726157427,1.06004307743708
"3",4,1.05690804867625,1.03746813756071
"4",5,1.05884731932778,1.02240961934472
"5",6,1.03423577021223,1.12420571889786
"6",7,1.06563307318267,1.23113862732089
"7",8,1.04239248521852,1.16542829280604
"8",9,1.0467958231702,1.18013703947052
"9",10,1.01152382719691,1.2119832757414
"10",11,1.04419471600879,1.1684734559578
"11",12,1.03384373285398,1.19361586262824
"12",13,1.006616374073,1.15333269971577
"13",14,1.06997628619287,1.26618640353242
"14",15,1.02008230834491,1.27109483502215
"15",16,1.04236572598559,1.24851206525393
"16",17,1.05887886215527,1.24881959636234
"17",18,1.06240158188706,1.24117124741629
"18",19,1.06449082659208,1.21942044892989
"19",20,1.09663806764268,1.30799323466245
