"","time","MRA","LR"
"1",2,0.982730332532936,0.993835993562076
"2",3,1.00232518636975,1.02129150354027
"3",4,1.00833260942021,1.06099908726076
"4",5,1.03582196895036,1.10842951900459
"5",6,1.04963819744525,1.18470898441719
"6",7,1.06184134875498,1.22004279126821
"7",8,1.05857346005459,1.19317794294919
"8",9,1.04651031626319,1.27026474815406
"9",10,1.08359106548866,1.25065091847638
"10",11,1.07732714693058,1.249439769251
"11",12,1.01217900324121,1.24340500433783
"12",13,1.00682987660346,1.19792658634395
"13",14,1.00574918570137,1.17734862189538
"14",15,1.0099889293553,1.15749689979141
"15",16,1.05265079162413,1.13019834217393
"16",17,1.00701411504719,1.05561504055506
"17",18,1.00978989037766,1.08927198452775
"18",19,1.02669504765983,1.14323811291259
"19",20,1.07137016451315,1.14691213911649
