"","time","MRA","LR"
"1",2,0.973886714280219,1.04810420986427
"2",3,0.963262502260075,1.0047128863961
"3",4,0.994636581952224,1.0929563266364
"4",5,0.997478715826798,1.1404736400145
"5",6,0.991116203864852,1.12579192181562
"6",7,1.00880519066745,1.17669245011304
"7",8,0.987700485403646,1.15269984371017
"8",9,1.01092850054651,1.15273051140909
"9",10,1.04254980879564,1.12235540727511
"10",11,1.03423721631143,1.21330291533269
"11",12,1.01370481201583,1.24953703537639
"12",13,1.01932245836357,1.35293131766272
"13",14,1.02295749745601,1.29157928759427
"14",15,1.04479277360865,1.36552206041148
"15",16,1.03788636321217,1.19305047828864
"16",17,1.0308624367347,1.18589443106711
"17",18,1.06641965975677,1.28003465399895
"18",19,1.06033453147337,1.1810986444952
"19",20,1.03386752811849,1.18175634202464
