"","time","MRA","LR"
"1",2,0.994257336120156,1.01121591079761
"2",3,1.01048595105227,1.0256458860688
"3",4,1.03464198426941,1.08780651378427
"4",5,0.995687341640019,1.13372345847075
"5",6,1.03279608028407,1.03943489134047
"6",7,0.991946729608823,1.10442824733493
"7",8,0.999490379846294,1.15250745803948
"8",9,1.02940824234573,1.185305074914
"9",10,1.03378663789209,1.24659293886873
"10",11,1.0275986366483,1.23828854854546
"11",12,1.0448704393874,1.34251973039914
"12",13,1.00948640021008,1.27826989456621
"13",14,1.02092664532395,1.32952495095162
"14",15,1.01775623573977,1.27960910885714
"15",16,1.00903844716041,1.2125507064746
"16",17,1.00134864978815,1.17475166851059
"17",18,1.02416430958973,1.17704714410185
"18",19,1.02457343506637,1.20595290297101
"19",20,1.00982836005755,1.21252798020462
