"","time","MRA","LR"
"1",2,0.99834906272716,1.04495467325985
"2",3,1.0061006547261,1.08458396915453
"3",4,0.992105494005707,1.07586804796195
"4",5,1.02170939980149,1.12230922044496
"5",6,1.01122416039695,1.08680256666698
"6",7,1.00431700963268,1.10637943047526
"7",8,1.02832220843722,1.12331199133026
"8",9,1.02375618311415,1.10439595298144
"9",10,1.02658941785196,1.18038150095795
"10",11,1.00499566353167,1.11020590203387
"11",12,1.04152112248133,1.20491466260129
"12",13,1.06475460195096,1.19883017011995
"13",14,1.02803986929025,1.12636712578549
"14",15,1.04312255620081,1.19539628328097
"15",16,1.02854025717809,1.19073153904525
"16",17,1.0228514120463,1.25292729338987
"17",18,1.03098606625337,1.15302519777775
"18",19,1.02290440208579,1.21162583064616
"19",20,1.01629665740792,1.10600843883797
