"","time","MRA","LR"
"1",2,0.98515267678395,1.01315869284527
"2",3,0.971103824892845,1.01316076025524
"3",4,1.02985590375902,1.09433627857982
"4",5,1.0190016650638,1.13223228339217
"5",6,1.03186953954957,1.09796841664527
"6",7,1.00893803421261,1.15791637556647
"7",8,1.04168666846518,1.16688707320641
"8",9,1.016791997315,1.23241484465196
"9",10,1.03503373435149,1.23739043436066
"10",11,1.0582946614321,1.36020245086658
"11",12,1.03668024826594,1.28687946107797
"12",13,1.08427624255519,1.30830852463107
"13",14,1.03779506698476,1.30254913621345
"14",15,1.05002755636438,1.28373532788432
"15",16,1.02548822072928,1.24269833214295
"16",17,1.03469825546253,1.24104358178272
"17",18,1.02724686963443,1.2671683934703
"18",19,0.998812646915378,1.2012083716209
"19",20,1.05578521825309,1.34769911116914
