"","time","MRA","LR"
"1",2,1.02927728336681,1.05709751770986
"2",3,1.01796787712043,1.06747099644814
"3",4,1.01712483483197,1.09602395089765
"4",5,1.01992316332835,1.08110978977565
"5",6,1.00368929647938,1.12556535493249
"6",7,1.02941530011725,1.19219944983471
"7",8,1.02239240241978,1.21156333158101
"8",9,1.02819446837225,1.20568742340513
"9",10,1.02720685910502,1.18784632721726
"10",11,1.09342493155755,1.35222256902942
"11",12,1.02311224260328,1.21109590806341
"12",13,1.02620881807142,1.24882642172679
"13",14,1.01024908898664,1.21036933991447
"14",15,0.98335334088049,1.25665033558544
"15",16,1.03217355238064,1.36375953554556
"16",17,1.02600917189561,1.26370547112948
"17",18,1.01165956240147,1.25736430767044
"18",19,1.03581383704673,1.21656925149103
"19",20,1.04383480885123,1.13925681011457
