"","time","MRA","LR"
"1",2,0.985333570382037,0.983031211129856
"2",3,1.00464765153588,1.06455660360041
"3",4,1.00561542775233,1.09296137966526
"4",5,1.01881989115401,1.09704838642611
"5",6,1.04362329757021,1.16360747403633
"6",7,1.10229134709306,1.27933415681982
"7",8,1.07000587533903,1.16962313676426
"8",9,1.05740384845753,1.22380720922697
"9",10,1.02108914767244,1.18893257943634
"10",11,1.04386865034845,1.20086687928482
"11",12,1.02333453882027,1.24396170556037
"12",13,1.05073767379449,1.27050781023718
"13",14,1.07809518407445,1.3202546805641
"14",15,1.05470179941367,1.3253029101104
"15",16,1.07875316631434,1.27811788938198
"16",17,1.04624626650424,1.32022760668201
"17",18,1.03254910158878,1.22214843058271
"18",19,1.02585876682504,1.21338385507926
"19",20,1.03292242021032,1.28614257639726
