"","time","MRA","LR"
"1",2,1.01011429591243,1.07729349691636
"2",3,0.994405649353991,1.06522346066068
"3",4,0.992468748521117,1.07948835571783
"4",5,1.01407552772595,1.10930553170355
"5",6,1.03596221954624,1.12111477016064
"6",7,1.04076591791409,1.13610832940075
"7",8,1.03679472777237,1.16806401341107
"8",9,1.01559832062275,1.21959491441506
"9",10,1.07183308212597,1.17624677166231
"10",11,1.0290252656843,1.08826697332774
"11",12,0.983342665781015,1.18881059385615
"12",13,1.03199192902202,1.24514638790552
"13",14,1.01160159912321,1.26331451080753
"14",15,1.01800365580601,1.20448249133077
"15",16,1.04074534932564,1.27607856853132
"16",17,1.00703787103154,1.21068863494115
"17",18,1.04464272774276,1.26571114535033
"18",19,1.05206450344516,1.20449644292577
"19",20,1.04299815711427,1.211565482221
