"","time","MRA","LR"
"1",2,0.93857074728444,0.963036055375179
"2",3,1.00257663438634,1.00228483860588
"3",4,1.02971064879216,1.08774824476381
"4",5,1.0450665392475,1.18816700401892
"5",6,1.06452095106477,1.18436158029499
"6",7,1.06299581913624,1.2174798570418
"7",8,1.03473172457422,1.17843931077236
"8",9,1.04803151103091,1.13884691407814
"9",10,1.02863947267837,1.15588259508088
"10",11,1.00909618809422,1.14511276979049
"11",12,1.01987462881835,1.11558301971273
"12",13,1.01741288673875,1.1607084578862
"13",14,1.02602939430792,1.32388877370216
"14",15,1.04040180740622,1.23614335533834
"15",16,1.0204187032266,1.21024052323434
"16",17,1.03481177373315,1.15960830488809
"17",18,1.03909609409119,1.17316951407832
"18",19,1.04621538878565,1.1570119759536
"19",20,1.07784276003003,1.21309786473402
