"","time","MRA","LR"
"1",2,1.03703570290277,1.07578871042174
"2",3,1.02071651899829,1.11225458709741
"3",4,1.0038633591595,1.08344443883628
"4",5,1.01912489484695,1.17397674915186
"5",6,1.02221527352843,1.14853420722958
"6",7,1.02592441785904,1.13708030099887
"7",8,1.04425492532056,1.1825980860669
"8",9,1.03848120870704,1.18633562882755
"9",10,1.03992815640962,1.202756424797
"10",11,1.04045618673042,1.25430195954836
"11",12,1.04343695647579,1.27206091766144
"12",13,1.09019549144452,1.35489286571039
"13",14,1.03776113594929,1.23586193708934
"14",15,1.03827842873947,1.25188598503707
"15",16,1.03421447542082,1.28454822037991
"16",17,1.05913977838948,1.33691791040989
"17",18,1.05571019484455,1.29884767793646
"18",19,1.02415647616001,1.24482575927695
"19",20,1.02204939081164,1.20016133084824
