"","time","MRA","LR"
"1",2,0.996002708587741,1.00128815931112
"2",3,1.02231658549278,1.06305129445377
"3",4,1.01921128528273,1.08734572222063
"4",5,1.00894204616764,1.08772032722609
"5",6,1.01470274227939,1.12589628434895
"6",7,1.02624616088125,1.09695667822329
"7",8,1.01804097529119,1.17562801506385
"8",9,1.05484898018153,1.19171902966017
"9",10,1.02855205316457,1.23516519618123
"10",11,1.04178034342304,1.23342218297354
"11",12,1.06508315760287,1.30762481104777
"12",13,1.05208409933273,1.32985125715985
"13",14,1.02100216620454,1.19881943728571
"14",15,1.03856112649831,1.24970983544801
"15",16,1.04904974808291,1.22532872027355
"16",17,1.07366969943734,1.22852855883446
"17",18,1.05733462979935,1.14870213301104
"18",19,1.04683007264621,1.21624648653569
"19",20,1.06987973836111,1.22686994584698
