"","time","MRA","LR"
"1",2,1.03178377806575,1.068840933632
"2",3,1.01388954962443,1.06388929149044
"3",4,1.01963822426335,1.08255397165659
"4",5,1.02327550661663,1.03679935522186
"5",6,1.03606279947683,1.10388139773364
"6",7,1.03024880402714,1.16421076415067
"7",8,1.06818686301948,1.23679474869622
"8",9,1.05224085034456,1.26278063514205
"9",10,1.06281892618595,1.24991775733181
"10",11,1.07081451992041,1.2510978922198
"11",12,1.05406131453893,1.12125578707306
"12",13,1.0009117663846,1.25780501642611
"13",14,1.00575485077101,1.1150155020557
"14",15,1.04511401921113,1.16692389986229
"15",16,1.07319031096239,1.22474599405924
"16",17,1.06769803181344,1.31787627889619
"17",18,1.07725918847434,1.26410989695929
"18",19,1.06091553848681,1.24383183496028
"19",20,1.0355292473161,1.25145732310382
