"","time","MRA","LR"
"1",2,0.997574516429943,1.00011307318703
"2",3,1.02082628697849,1.05052141930797
"3",4,1.02046888360735,1.10227046716412
"4",5,1.03819394805351,1.12777818897075
"5",6,1.02851940872963,1.15817267451832
"6",7,1.04856530127615,1.19017868579552
"7",8,1.062973306441,1.2658219772715
"8",9,1.03908109544642,1.30651840988397
"9",10,1.06154170194046,1.30326558474743
"10",11,1.10433755991124,1.35210851957904
"11",12,1.08361033282291,1.30474169193329
"12",13,1.04133743261519,1.27772755615177
"13",14,1.02071827430007,1.23341312653791
"14",15,0.999198104401064,1.22226609866143
"15",16,1.0007607665606,1.15504289210119
"16",17,1.01692181872765,1.29226569933068
"17",18,1.01869262959595,1.18813561199755
"18",19,1.06868514607254,1.25161335383779
"19",20,1.02737186600166,1.17364284636321
