"","time","MRA","LR"
"1",2,0.961861982809775,1.04826462072651
"2",3,1.02211055324704,1.06319891416788
"3",4,1.00628537896215,1.04794893557889
"4",5,0.987239922015054,1.03970026053058
"5",6,0.990294015227607,1.08217217934829
"6",7,1.01181778712059,1.11228681124439
"7",8,1.00457627128693,1.14510697124899
"8",9,1.01622958376904,1.12728406384763
"9",10,1.01082432167839,1.07050447851575
"10",11,1.00804696365165,1.12154756318745
"11",12,1.02659530940361,1.24016628060957
"12",13,1.03910681405176,1.22615457265361
"13",14,1.04755829928848,1.19017485882122
"14",15,1.06342248112321,1.2390653363218
"15",16,1.06498984216629,1.14891725609433
"16",17,1.05366723338173,1.13037127349253
"17",18,1.08700287615457,1.15940060566542
"18",19,1.09043417153803,1.23820781711092
"19",20,1.04874666298058,1.22541132672977
