"","time","MRA","LR"
"1",2,0.982644685511844,1.00402926826215
"2",3,1.01958241279452,1.00306995210947
"3",4,1.0015097093396,1.08209485425309
"4",5,1.01268319607194,1.05316990381386
"5",6,1.02756343557185,1.07608893216772
"6",7,1.00953524112796,1.12076460797343
"7",8,0.997081843314172,1.18916806045178
"8",9,0.977868618156284,1.18507611001838
"9",10,0.996358792059709,1.19353670761588
"10",11,0.994362986868969,1.20369828820218
"11",12,1.04765252947762,1.20221415358757
"12",13,1.04253482108537,1.24158066763271
"13",14,1.04938431543853,1.22122114321963
"14",15,1.00979058697534,1.2134499898795
"15",16,1.0072645870603,1.26961170466111
"16",17,1.05682846505503,1.42334512214762
"17",18,1.03800058389287,1.28464960703314
"18",19,1.00592010490353,1.23090540469596
"19",20,1.00459014786521,1.31701364247905
