"","time","MRA","LR"
"1",2,1.0272551918163,1.04475986331525
"2",3,1.01947668384087,1.04149065494466
"3",4,1.02812964125264,1.09351041642286
"4",5,1.06087828505129,1.18348736411592
"5",6,1.00852891093254,1.16524796184944
"6",7,1.0509942095769,1.1744227873428
"7",8,1.02383478386815,1.13995227221642
"8",9,1.01057763288842,1.19622453986091
"9",10,1.00736359226717,1.25645754740758
"10",11,1.06319827547793,1.26929818402499
"11",12,1.07667193651499,1.25700811512651
"12",13,1.01580702554171,1.27843100245448
"13",14,1.03542460715291,1.23672484967063
"14",15,1.03953816144668,1.18995023703454
"15",16,0.992285393692576,1.17299096069758
"16",17,1.00217716475989,1.22665704942983
"17",18,0.993464292040933,1.16734669477782
"18",19,0.997535413697246,1.10670545560574
"19",20,0.996920151267041,1.1570179425046
