"","time","MRA","LR"
"1",2,0.978346665891375,1.07320716615886
"2",3,1.01456505723828,1.05825739170146
"3",4,1.03840424375864,1.09425811808118
"4",5,0.994772399504566,1.06519716492887
"5",6,1.01175910577953,1.0592038306858
"6",7,1.03268225669106,1.09172193359376
"7",8,1.03822468655371,1.0972847934661
"8",9,1.03801102567083,1.10942445377458
"9",10,1.02861407340835,1.08834029486481
"10",11,1.03999159015136,1.20118129368989
"11",12,1.04732104048115,1.22527298711992
"12",13,1.02750878336187,1.20096222492335
"13",14,1.05382676178534,1.20896709235067
"14",15,1.05202301805689,1.2346040931423
"15",16,1.02673417673515,1.16542695931616
"16",17,1.02887727992967,1.13411336137796
"17",18,1.01973911321932,1.18930269807656
"18",19,1.04006895594483,1.1511411590338
"19",20,1.0559832816221,1.23515950311282
