"","time","MRA","LR"
"1",2,1.01141087624248,1.0809982906418
"2",3,1.05291203442795,1.07391359737956
"3",4,1.09697641363486,1.13837062942952
"4",5,1.02608788279566,1.127558301382
"5",6,1.05438635041626,1.14111952525047
"6",7,1.03924698384434,1.14199598868357
"7",8,1.05618824978491,1.12734488610174
"8",9,1.03436584089345,1.13774898709769
"9",10,1.02514659383829,1.18945747690237
"10",11,1.02055781363944,1.21053140205878
"11",12,1.04447993401463,1.24985222700521
"12",13,1.03458107501346,1.26666912707485
"13",14,1.03532412677939,1.24599083149881
"14",15,1.05398448521897,1.34390816712521
"15",16,1.03750121157188,1.34193657075462
"16",17,1.01600010813517,1.23964494885779
"17",18,1.06468706268454,1.35502334355201
"18",19,1.02808619988142,1.26527936719106
"19",20,1.04578079754136,1.29500804641957
