"","time","MRA","LR"
"1",1,0,0
"2",2,137.59019653217,533.254730993026
"3",3,84.9623763657987,510.190667311457
"4",4,96.0905930231299,594.091615088118
"5",5,102.934095682955,668.739439287229
"6",6,131.103888509093,850.783992188819
"7",7,136.802563840816,969.790226146713
"8",8,126.087627131199,989.533122556429
"9",9,136.391230361773,917.296701863089
"10",10,118.442498100601,914.908105923053
"11",11,149.837425099153,913.417282090599
"12",12,157.040757587255,1071.82839790665
"13",13,183.484970977355,1314.95336176493
"14",14,169.184452678233,1093.27641729111
"15",15,156.082367182831,1171.15923691691
"16",16,146.554939335923,1190.94437603565
"17",17,143.346385680669,1178.12907371484
"18",18,168.000754981477,1252.98929412577
"19",19,155.735715416297,1266.14747000615
"20",20,163.853258539947,1161.31172684017
