"","time","MRA","LR"
"1",1,0,0
"2",2,138.298774914998,527.29092072201
"3",3,86.7600550651636,519.704354629484
"4",4,82.1123438099706,527.649218834301
"5",5,88.5282662716562,731.542953220335
"6",6,117.377372956839,879.328340402495
"7",7,126.151172957008,975.305004577255
"8",8,124.184657005758,953.144125911164
"9",9,139.774651558252,896.518208842937
"10",10,144.741208518291,913.299826942307
"11",11,114.615151767776,843.843998073258
"12",12,126.697387568938,873.425910649168
"13",13,147.278989750133,1145.57491720591
"14",14,134.146386535995,1187.91988314054
"15",15,177.546782078247,1251.27000823513
"16",16,162.690536278562,1211.7003763446
"17",17,151.3627055864,1364.8256606137
"18",18,144.058739301527,1257.81616316801
"19",19,165.352032416608,1339.61531915367
"20",20,186.520620472087,1498.81857075423
