"","time","MRA","LR"
"1",1,0,0
"2",2,130.879641955034,450.132555439317
"3",3,60.2952630956817,513.426251230105
"4",4,79.7973355564582,644.231272774614
"5",5,82.8563298438179,705.271029139469
"6",6,111.576644767029,809.575195481793
"7",7,148.726479000739,887.248865783899
"8",8,159.288451867295,1094.98855946673
"9",9,141.110336293203,1052.67917354034
"10",10,155.709608372247,1246.57777772989
"11",11,167.954925216296,1401.56924300616
"12",12,167.969507278966,1435.77689066602
"13",13,144.310725510165,1397.05775094563
"14",14,148.772279820122,1416.03313382332
"15",15,132.762019337781,1383.36852195582
"16",16,163.095722933175,1471.61338278876
"17",17,188.716487848024,1515.05176045638
"18",18,195.55891410659,1387.60504929368
"19",19,183.467499069491,1401.07845892543
"20",20,200.555977016708,1498.24134204116
