"","time","MRA","LR"
"1",1,0,0
"2",2,142.243570719489,463.245317692132
"3",3,69.1612143488059,545.223937132513
"4",4,73.0278512381602,634.427088246721
"5",5,117.118301737197,733.333664119228
"6",6,121.099919409191,826.546796847122
"7",7,155.010642006746,1072.96500597081
"8",8,132.568546881826,1080.01461707867
"9",9,155.541630333384,1136.02094394794
"10",10,157.395143664817,1071.76476846084
"11",11,167.031806600242,1220.53019063103
"12",12,164.743728310931,1236.43259149154
"13",13,165.062742192067,1220.2978534091
"14",14,158.485904926288,1331.15887489489
"15",15,167.135286835667,1254.4413326183
"16",16,200.220162396694,1431.48740623564
"17",17,201.432606926882,1648.81237417929
"18",18,202.327631315028,1671.78453339977
"19",19,191.053591078864,1808.93726966509
"20",20,196.52617671867,1813.78603583459
