"","time","MRA","LR"
"1",1,0,0
"2",2,141.678345134937,482.305125520085
"3",3,78.3278737763787,584.94003460212
"4",4,97.471392060086,729.74249291899
"5",5,121.868447518127,842.139082531992
"6",6,130.445915988935,1092.59115855006
"7",7,154.949370434157,1205.42862786955
"8",8,136.909045464912,1356.08371290215
"9",9,153.11337190943,1398.2621549727
"10",10,188.712603623753,1564.40854530495
"11",11,152.150405370993,1455.11447367746
"12",12,175.634602738554,1319.21830015963
"13",13,199.073764984853,1350.48186870049
"14",14,180.629627319602,1425.79365810936
"15",15,162.980861292576,1627.43700525971
"16",16,185.652275375933,1643.73865389299
"17",17,202.217428606693,1744.17227540039
"18",18,194.179235749934,1581.72141256013
"19",19,193.48117035694,1546.4888724426
"20",20,233.734340929662,1461.66139296996
