"","time","MRA","LR"
"1",1,0,0
"2",2,137.384863396325,505.963608187859
"3",3,93.0214400400831,568.785058645882
"4",4,93.4851397681739,610.478187690809
"5",5,113.886460024571,772.267274664375
"6",6,98.535440109885,734.054988856214
"7",7,87.7496786806038,749.848100102486
"8",8,119.827576354368,766.474467112543
"9",9,110.306272191048,930.499464404634
"10",10,113.525325677007,1016.14974891089
"11",11,114.237174043545,959.806485806586
"12",12,144.608472628601,1019.48217667244
"13",13,154.529646456051,981.655739477425
"14",14,151.293220977059,940.445902958181
"15",15,143.918357401014,966.364338502916
"16",16,170.015752539185,1162.20394850069
"17",17,160.399868922276,1356.38829411073
"18",18,184.729309304106,1423.85494464274
"19",19,153.055161551099,1391.84759726926
"20",20,145.018990069607,1265.40493838296
