"","time","MRA","LR"
"1",1,0,0
"2",2,154.524271962629,550.859146181656
"3",3,91.7513994608926,550.144611573192
"4",4,95.935297411027,718.468899813858
"5",5,110.496727535356,857.051631243988
"6",6,113.264435427174,1052.90959221066
"7",7,122.493785333956,1065.26447134305
"8",8,131.431536186523,1178.30168723007
"9",9,175.109491701418,1339.27333070002
"10",10,179.754174804554,1420.99460889655
"11",11,191.888605551504,1164.16062413727
"12",12,181.943409936061,1107.28951894383
"13",13,199.102265749072,1188.52191133302
"14",14,181.300461013738,1291.86412722545
"15",15,176.138146685512,1525.40306353373
"16",16,159.342798651147,1402.17980040721
"17",17,189.404967432033,1339.29082646514
"18",18,180.778788589474,1420.38889393974
"19",19,174.956178958982,1267.97156092337
"20",20,175.013758036452,1297.54578188738
