"","time","MRA","LR"
"1",1,0,0
"2",2,145.200970215382,555.237521714975
"3",3,76.8469515154727,595.900102523104
"4",4,110.527780077029,757.475142070554
"5",5,97.8052818242618,785.651862411044
"6",6,143.468851805495,897.843374933867
"7",7,144.573755846483,980.895713205964
"8",8,159.60454223219,1128.36130261813
"9",9,157.260948599076,1123.55719712953
"10",10,161.66776886051,1041.94830265592
"11",11,141.095532240066,1034.85359741546
"12",12,170.747449025295,1056.24620764055
"13",13,164.024712168814,1111.64107885667
"14",14,178.42963556044,1120.24731380138
"15",15,188.408799944238,1246.07699336237
"16",16,180.765733128181,1174.63249960303
"17",17,159.779163127318,1086.26356119969
"18",18,179.598423883507,1122.99747219668
"19",19,150.187519464967,1028.90416186179
"20",20,161.418326465379,1253.69840495597
