"","time","MRA","LR"
"1",1,0,0
"2",2,143.78617610259,483.574573503689
"3",3,54.0283546221549,627.01065428068
"4",4,71.5788785182551,796.723422289928
"5",5,99.3241925534641,871.37201383736
"6",6,131.726377627736,881.240294413689
"7",7,116.869344490789,1106.49462312888
"8",8,145.963083617192,1195.90452481054
"9",9,131.948283110262,1347.91346847284
"10",10,133.146147310239,1135.30233725845
"11",11,146.913942923768,1055.11739858291
"12",12,151.699061850267,1126.50690135517
"13",13,145.641837687109,1062.40019974954
"14",14,140.75354646987,1013.09514326498
"15",15,153.378526942181,1137.06870128498
"16",16,146.51344052304,1171.8956471452
"17",17,134.20421825088,1207.30207725608
"18",18,155.287664011478,1409.27317743834
"19",19,174.922676746297,1418.79916264252
"20",20,195.804438142803,1563.10438996941
