"","time","MRA","LR"
"1",1,0,0
"2",2,130.038853064282,481.843084560887
"3",3,84.4642151598108,534.828579343901
"4",4,95.1348622730335,568.393109702927
"5",5,116.797686592382,785.677355539207
"6",6,127.76387360044,1045.69846640621
"7",7,147.05320259792,1131.12905906632
"8",8,132.513011881527,1085.10725008664
"9",9,135.296969452441,1042.99654172038
"10",10,158.847998901569,1074.58550628669
"11",11,170.507322073746,1277.98935685494
"12",12,197.312707820926,1318.15615899468
"13",13,203.913405892588,1576.9545920273
"14",14,206.624309187159,1519.06885828885
"15",15,160.60198009669,1432.10183807973
"16",16,215.12393745247,1565.1586806985
"17",17,201.271336250835,1587.23794291529
"18",18,186.915429948209,1437.79771878381
"19",19,172.065336129762,1386.95623469339
"20",20,183.594882854545,1444.47095243205
