"","time","MRA","LR"
"1",1,0,0
"2",2,131.156249964897,470.696541333014
"3",3,79.2912194580322,550.547174927174
"4",4,87.7209797793033,805.147341005607
"5",5,85.4169190833262,866.273946569382
"6",6,135.233830497186,962.388100152239
"7",7,150.579879907379,942.215201706283
"8",8,169.103085324298,1062.82158125028
"9",9,153.971170399188,1037.38343292629
"10",10,140.653061673832,1047.99553328075
"11",11,159.109384986857,980.560787912747
"12",12,157.551375634283,1040.29335166265
"13",13,176.247508381722,1160.47812829014
"14",14,170.937346233248,1131.47402872571
"15",15,186.751900745332,1291.39529463057
"16",16,191.209952783004,1355.54336979468
"17",17,196.914232275485,1599.2777083025
"18",18,189.566581823173,1620.15127751321
"19",19,158.977858394253,1375.0194402259
"20",20,159.891784522154,1406.54235409939
