"","time","MRA","LR"
"1",1,0,0
"2",2,139.346291270888,527.041490407801
"3",3,82.2468868122203,669.119310395583
"4",4,85.1321479761539,681.01317873172
"5",5,93.9888203814897,817.141348261875
"6",6,111.821417332933,958.226563957693
"7",7,119.672119726748,1197.47090284104
"8",8,151.09043963489,1057.11478372995
"9",9,116.482348074136,932.112706932574
"10",10,135.292257154045,1081.78302200932
"11",11,171.546782059895,989.186704888699
"12",12,185.388642077905,1049.54401174933
"13",13,145.335925284981,947.736342479364
"14",14,169.14130686926,1072.71233196216
"15",15,201.38360285763,1170.5989860308
"16",16,189.589209353998,1350.49032437741
"17",17,205.078664787272,1477.85553705381
"18",18,200.384160967032,1496.48828580839
"19",19,201.73396117761,1601.79469870617
"20",20,161.507010084142,1285.15354635609
