"","time","MRA","LR"
"1",1,0,0
"2",2,145.421209158319,484.006757368489
"3",3,85.3609570266581,577.696173313558
"4",4,82.3745506043599,621.717491642273
"5",5,77.3688248261393,710.817872920162
"6",6,99.5183335493539,871.856628934344
"7",7,116.533879759425,970.094211135229
"8",8,135.019222453235,1043.15424166395
"9",9,130.031342042071,1141.67302289952
"10",10,123.276530441825,1110.14477669386
"11",11,123.092889015149,1019.38679030886
"12",12,119.695018651001,1113.50542060804
"13",13,130.020943541903,1232.25420333298
"14",14,148.443338412563,1412.64586967796
"15",15,160.115433026295,1453.52863632164
"16",16,140.913472497816,1401.52412791127
"17",17,163.047126579756,1484.92400151523
"18",18,168.308874109606,1470.1951781412
"19",19,192.548671261884,1701.63306594505
"20",20,170.199769586573,1521.18949959107
