"","time","MRA","LR"
"1",1,0,0
"2",2,119.373379222613,441.664928711481
"3",3,75.7816422528149,466.345341581323
"4",4,80.135282094458,672.527824763922
"5",5,99.0270786359679,797.376186884496
"6",6,118.496564242975,880.391151217604
"7",7,145.217086711276,965.750955149798
"8",8,160.452816705653,940.264656275515
"9",9,145.461258644211,982.933027692229
"10",10,172.562442671487,1108.67630510729
"11",11,126.653205171145,1292.68350409276
"12",12,134.961669925426,1356.86038658327
"13",13,145.340793888461,1485.6400792646
"14",14,128.498854748244,1271.00983578517
"15",15,136.812351596287,1353.72541609789
"16",16,136.783934564991,1352.64583167067
"17",17,158.498834917145,1512.62591459254
"18",18,180.0190626428,1446.27193474286
"19",19,217.08490877591,1468.40748677917
"20",20,221.208375736131,1561.81920029323
