"","time","MRA","LR"
"1",1,0,0
"2",2,127.880451364822,526.380896287066
"3",3,78.0089112816346,594.098483659805
"4",4,78.2358636070766,598.498323370989
"5",5,103.422352522473,737.59650389607
"6",6,136.326265768039,870.587244346757
"7",7,130.52609781011,782.149470010152
"8",8,164.756937285528,982.392570077765
"9",9,158.60342840793,1121.35174167066
"10",10,177.111612327075,1418.00022705966
"11",11,160.283011602026,1461.06141184283
"12",12,190.283153003883,1586.21470607848
"13",13,194.022523326115,1523.23289350658
"14",14,208.819522798635,1769.0847264193
"15",15,174.572444851088,1714.04624841036
"16",16,169.753039372571,1710.82941955237
"17",17,171.579397169604,1667.58328536299
"18",18,186.153897871268,1915.91589749261
"19",19,159.850854096811,1723.56395038156
"20",20,167.799719723646,1642.35397874478
