"","time","MRA","LR"
"1",1,0,0
"2",2,133.401805282325,459.712561832234
"3",3,88.6759673622486,534.733878230217
"4",4,104.821375211772,658.133530312758
"5",5,118.058368840297,692.61479017363
"6",6,117.709256307282,707.171250138479
"7",7,121.886307651505,776.437884612768
"8",8,130.28948377133,877.561808972553
"9",9,131.43889404239,902.762294944104
"10",10,149.914639074421,1004.98369627555
"11",11,144.17646515753,1156.77729728038
"12",12,168.780585977043,1137.19770704232
"13",13,164.662221778373,1170.30991915717
"14",14,158.218095359974,1241.43196218694
"15",15,190.02428711824,1164.10753933535
"16",16,190.566336263593,1342.60443800319
"17",17,183.698727274774,1339.3166318921
"18",18,195.343485349348,1426.82782557299
"19",19,217.963232789618,1386.27791445814
"20",20,193.838729341056,1558.03842256117
