"","time","MRA","LR"
"1",1,0,0
"2",2,151.590001123748,583.041227042973
"3",3,93.2368929919804,707.792473735842
"4",4,94.3755551985598,804.092099321945
"5",5,94.0332472766991,836.76193075786
"6",6,112.480465184652,876.318654473163
"7",7,124.555685470032,983.09891252387
"8",8,148.536834481361,1054.63641800914
"9",9,132.964924984479,1113.77397452537
"10",10,136.582908588029,1135.40770919624
"11",11,142.871099029674,1206.40592428673
"12",12,168.24246884204,1386.97189511677
"13",13,179.855651566563,1463.77527283238
"14",14,211.018477687214,1501.66159375308
"15",15,204.443292490184,1465.30077277831
"16",16,197.006297544624,1373.06896360989
"17",17,183.602037253942,1440.31198835689
"18",18,168.744446186762,1576.63704667466
"19",19,161.673908620798,1686.01742765565
"20",20,152.490890559861,1472.51527012021
