"","time","MRA","LR"
"1",1,0,0
"2",2,128.748404490621,453.662563740749
"3",3,78.6706903987114,487.024963489139
"4",4,73.0351278303879,606.539106872382
"5",5,115.46594865471,882.133447436786
"6",6,116.802365031476,887.130952106003
"7",7,129.764783608656,896.159585966725
"8",8,143.611714939396,1065.54949158039
"9",9,135.595497096488,1183.28077927353
"10",10,149.721379854463,1179.15827146558
"11",11,158.299586354454,1231.17507154594
"12",12,163.02643037235,1437.57702709561
"13",13,144.361962324361,1373.46812888689
"14",14,155.452365817149,1291.29551919451
"15",15,183.077112831578,1247.68394177027
"16",16,180.984675826819,1308.32385268928
"17",17,160.319649620328,1233.52380781827
"18",18,163.318801590012,1270.66102128404
"19",19,174.930967531652,1346.17498011563
"20",20,167.938921381052,1269.714601491
