"","time","MRA","LR"
"1",1,0,0
"2",2,137.921798209911,487.158548070786
"3",3,86.0820753118936,600.139002061617
"4",4,90.2955720601157,715.954751843942
"5",5,116.262271915033,837.218292711692
"6",6,119.50261491928,818.938774813894
"7",7,131.183857958531,994.80073167666
"8",8,123.008768827266,1091.37858471619
"9",9,155.226711542522,1075.10304522323
"10",10,171.556493277816,1043.59442620492
"11",11,180.029184233072,1168.42438869082
"12",12,178.549347646962,1371.80255137569
"13",13,171.618843851851,1453.87258589503
"14",14,157.780120900291,1244.32140952354
"15",15,146.207779527858,1137.7316122889
"16",16,157.704347656397,1118.51887599762
"17",17,134.314518429792,1107.58983911378
"18",18,143.202904153877,1066.38823584837
"19",19,154.919825186253,1257.84454921457
"20",20,174.776829123339,1234.4861793209
