"","time","MRA","LR"
"1",1,0,0
"2",2,154.898952670085,564.659648027315
"3",3,73.6246520807812,629.979479976096
"4",4,80.7338657034828,814.210675103694
"5",5,97.2112263554012,823.2499642825
"6",6,94.8577327925954,816.845702636048
"7",7,124.0055527271,718.398771299636
"8",8,169.166894430808,797.071851706275
"9",9,178.142878607032,870.031332658002
"10",10,192.088386710266,1008.10500595477
"11",11,212.976030696253,1238.80487446204
"12",12,181.117263766925,1359.30265093743
"13",13,176.024314448462,1227.74644268907
"14",14,167.394673479776,1224.12585099373
"15",15,170.454137383263,1120.28228720804
"16",16,218.654202619664,1326.85519024345
"17",17,223.935079838727,1326.67627429453
"18",18,194.604978459545,1365.11520932739
"19",19,184.632931995972,1490.88029242801
"20",20,170.099734759779,1385.67114679679
