"","time","MRA","LR"
"1",1,0,0
"2",2,136.3287146289,466.826459949255
"3",3,83.0085450490991,606.241511763197
"4",4,96.5759257803635,677.643525703442
"5",5,88.4287807005603,632.570911428235
"6",6,84.4416001817214,603.092359918508
"7",7,129.000162323499,683.57733163072
"8",8,147.997277223861,802.941255673216
"9",9,152.55058952562,935.194560712888
"10",10,161.360549963845,1132.27370580987
"11",11,169.65712196928,1105.8122985641
"12",12,197.973759902815,1181.02477034031
"13",13,183.65954182192,1247.10781453238
"14",14,188.693453857014,1176.3972075765
"15",15,179.74657237956,1421.36461281448
"16",16,189.47758987731,1475.40785424219
"17",17,204.872365899082,1591.68083694621
"18",18,222.014150404281,1902.22299302072
"19",19,225.195021122389,2127.8117426233
"20",20,228.227151396653,1972.67020886868
