"","time","MRA","LR"
"1",1,0,0
"2",2,128.221252262459,487.511540797459
"3",3,93.6479356535582,651.99094457907
"4",4,77.8115581861116,707.38021395883
"5",5,83.2957549343461,837.520603121909
"6",6,115.591762566696,908.353667668769
"7",7,119.791918853085,940.54820569764
"8",8,113.78118158073,902.537283600484
"9",9,122.281648660023,1111.68258426441
"10",10,120.841804480757,975.791721285216
"11",11,150.890485844807,975.616208637782
"12",12,136.255795139573,961.811551929133
"13",13,148.011803125884,996.455362183606
"14",14,154.347078902826,1047.94801073979
"15",15,139.096119534573,1099.81051521556
"16",16,144.130562054647,1398.00584261296
"17",17,160.333136412279,1346.40181890766
"18",18,146.411877540897,1358.49369262562
"19",19,136.361115127626,1223.52745691756
"20",20,148.383453384866,1108.35147582038
