"","time","MRA","LR"
"1",1,0,0
"2",2,126.337269618103,421.706059995846
"3",3,63.94028000131,484.38311646708
"4",4,92.7037304011603,646.865790004945
"5",5,116.34670446898,827.104012406809
"6",6,127.472710907891,876.011700865028
"7",7,128.079449106603,864.957413471428
"8",8,97.6195889235189,767.264596185705
"9",9,93.9557400420493,845.319512368741
"10",10,132.846766616598,936.424293526558
"11",11,153.671927125308,1103.29221942798
"12",12,161.279107362186,1300.13331053278
"13",13,155.591080953611,1306.57865326546
"14",14,142.061321461979,1131.57922712657
"15",15,158.103612071897,1292.38756249762
"16",16,169.018963306125,1478.38060772906
"17",17,182.278435528137,1665.37657707103
"18",18,187.026695985435,1671.2755575579
"19",19,189.111857897279,1642.70177801712
"20",20,166.872498537177,1583.2817427531
