"","time","MRA","LR"
"1",2,1.00367882458129,0.985932866852373
"2",3,1.02562347341433,1.04188579319194
"3",4,1.01870281754193,1.0131154181322
"4",5,0.986508923008166,0.950089209949296
"5",6,1.00206466385246,1.01438561517899
"6",7,1.01736526569947,1.02428754052244
"7",8,1.0284527411575,1.08180793751305
"8",9,1.03409183336706,1.0746637118208
"9",10,1.01686832620304,1.05667071597826
"10",11,1.02096603381092,1.08983369564379
"11",12,1.01678019840613,1.05850283516145
"12",13,1.0093410420174,1.07236799328418
"13",14,1.02993079258597,1.09497302071206
"14",15,1.03965319461528,1.12293245135976
"15",16,1.04697959058699,1.1153084143381
"16",17,1.05318868138715,1.16520028217769
"17",18,1.02363611954665,1.11568902700761
"18",19,1.02580868471895,1.12032859960019
"19",20,1.03805047203228,1.14508316397809
