"","time","MRA","LR"
"1",2,1.01897752118487,1.02335936537636
"2",3,0.999751240672409,1.02331177209016
"3",4,1.01123435556845,1.00278555830544
"4",5,1.04092876369128,1.01771999432593
"5",6,1.03576577050896,1.05745706047767
"6",7,1.01769571557327,1.07940704664881
"7",8,1.02689207554437,1.1131123023716
"8",9,1.01832025730223,1.07944681464004
"9",10,1.01090123210134,1.06913657555037
"10",11,1.02427962789095,1.11410197163635
"11",12,1.00685172110842,1.11033802369204
"12",13,1.03847087352305,1.13008162027266
"13",14,1.03303929104853,1.12303332960061
"14",15,1.01791865780355,1.14099107120784
"15",16,1.02361286467772,1.20509652976398
"16",17,1.03355252495595,1.18142095023101
"17",18,1.01120462898898,1.13127497048126
"18",19,1.06339426046807,1.16732582723403
"19",20,1.05232907570284,1.16382734417967
