"","time","MRA","LR"
"1",2,1.02010786652694,1.00522867864644
"2",3,0.992677893703906,1.01814606398775
"3",4,0.993212644330396,1.01527126285574
"4",5,1.01848979957155,1.01167978346671
"5",6,1.0284571787539,1.01356707945684
"6",7,1.0357724124171,1.03606941938439
"7",8,1.05155252309792,1.03857633921375
"8",9,1.05348688906308,1.05546128050386
"9",10,1.04900461498217,1.08593961411098
"10",11,1.0454122464906,1.1167228010292
"11",12,1.0456417050203,1.15473475766306
"12",13,1.0919254913471,1.16067228827297
"13",14,1.10133413656096,1.16874483973857
"14",15,1.06902852637771,1.12903211362589
"15",16,1.0601280922241,1.14388373569382
"16",17,1.0552706575699,1.1547147595596
"17",18,1.04876274702055,1.14032239563761
"18",19,1.01042796462686,1.13909187542733
"19",20,1.03148449305598,1.18043907533008
