"","time","MRA","LR"
"1",2,1.02912865035095,1.01150073501471
"2",3,1.04689591658594,1.02572258270675
"3",4,1.02904472798335,1.02911283525164
"4",5,1.02111570018317,1.03490005988808
"5",6,1.02872889450384,1.05703633765045
"6",7,1.0249158012125,1.04975669608856
"7",8,1.03271287664445,1.03841271593475
"8",9,1.03734826129659,1.07786630635042
"9",10,1.04410576966895,1.08100216438052
"10",11,1.03130082125123,1.06831848770947
"11",12,1.02350895312209,1.08604832618893
"12",13,1.01843729457301,1.103049428448
"13",14,1.01157583882241,1.10159989686866
"14",15,1.04374400104553,1.13073435095752
"15",16,1.0565864302356,1.16993603923892
"16",17,1.03666743242866,1.13531964280236
"17",18,1.04551577567272,1.12910427645376
"18",19,1.04198478377186,1.11108693444006
"19",20,1.06859173859224,1.1360847485058
