"","time","MRA","LR"
"1",2,1.00119742647201,0.984667869730359
"2",3,1.02557020280897,1.02052018998881
"3",4,0.989923496694473,0.979909891019357
"4",5,0.990400180474291,0.986145395543165
"5",6,0.976906945243113,0.984730592204912
"6",7,1.00297169412403,1.04135140280014
"7",8,1.01987877547814,1.07326310801111
"8",9,0.994547446085437,1.02692573072415
"9",10,1.01834104379276,1.05353318715025
"10",11,1.02555655686167,1.08340382694067
"11",12,1.00402259979069,1.07028411806048
"12",13,1.02401403917304,1.04637125109678
"13",14,1.03790175525278,1.09065208011777
"14",15,1.02563993750529,1.09177844990321
"15",16,1.02937956330215,1.10384224986951
"16",17,1.00448137835358,1.10588520062617
"17",18,1.02836284884815,1.10857149990114
"18",19,1.01642919579359,1.1174906579867
"19",20,1.02710405832622,1.16428416403323
