"","time","MRA","LR"
"1",2,0.970998262843487,0.976791871023115
"2",3,0.99883795228981,1.02059891233594
"3",4,0.985727440081466,1.03810955443257
"4",5,0.989825846008475,1.03509742956462
"5",6,1.00372686677093,1.0776202441086
"6",7,1.01986580928341,1.08649053115114
"7",8,1.02419822358837,1.07751032015545
"8",9,1.04951663426311,1.09695701759154
"9",10,1.03579861502167,1.09722799360599
"10",11,1.03641698298615,1.10214104396136
"11",12,1.03305133209459,1.10531653308076
"12",13,1.01770591010805,1.11412395659636
"13",14,1.01629548898598,1.10740977619195
"14",15,1.04777933360852,1.11757603136026
"15",16,1.02744645126132,1.10086431751339
"16",17,1.04753188673667,1.06229634287061
"17",18,1.05385820417674,1.08157866237471
"18",19,1.06147585701413,1.12866738282852
"19",20,1.05095490587509,1.13758671176298
