"","time","MRA","LR"
"1",2,0.991221055058908,0.981934469455457
"2",3,1.0138547051349,1.00301142885939
"3",4,1.02539044999566,1.02127550125103
"4",5,1.04747555958451,1.04240559279822
"5",6,1.04865200347951,1.03866671064783
"6",7,1.02833624138439,1.02342084566451
"7",8,1.04060585002503,1.05881012977087
"8",9,1.04964039375958,1.05077655416953
"9",10,1.05920517865697,1.04454194128993
"10",11,1.0641712145922,1.08072312155812
"11",12,1.07104611658994,1.10527268435096
"12",13,1.04677930349661,1.09920611534232
"13",14,1.05205117956707,1.13698310342078
"14",15,1.01501209314769,1.07683955460414
"15",16,1.03975252965331,1.08816058930364
"16",17,1.05516661078367,1.10256321155912
"17",18,1.06138972924765,1.12688859069607
"18",19,1.02777589066195,1.11977045759066
"19",20,1.05724806621615,1.18423908057035
