"","time","MRA","LR"
"1",2,1.03791873138857,1.01272229678643
"2",3,1.02897868106316,1.03428082256179
"3",4,1.02161471768679,1.01230377977081
"4",5,1.01552389779278,1.00366568408896
"5",6,1.03783567061518,1.02712742512397
"6",7,1.00832284415422,1.01444810089402
"7",8,1.00917818019475,0.956430840230249
"8",9,0.996366781132796,0.994914774520797
"9",10,0.992527817399371,0.998776100987147
"10",11,0.985241417115947,1.04084106041279
"11",12,0.99481703689704,1.03178292923821
"12",13,0.998088119906054,1.07041732841225
"13",14,1.00651329209773,1.10559446140367
"14",15,1.01271568660933,1.11576743241672
"15",16,1.01034624479976,1.11618543209778
"16",17,1.02418621624617,1.09457741213019
"17",18,1.016914794494,1.04921744741203
"18",19,1.02798393411235,1.06215966864525
"19",20,1.03948237268138,1.1283833910165
