"","time","MRA","LR"
"1",2,0.966923297075705,0.985571412690265
"2",3,1.03223283259211,0.999394548273297
"3",4,1.0136655828352,1.03006171155125
"4",5,1.01051222865623,1.07688908404376
"5",6,1.00194778577375,1.06324123066886
"6",7,1.00728187047877,1.05641418552755
"7",8,1.02278632724875,1.05785717804671
"8",9,1.04738853679343,1.10274994978792
"9",10,1.03636395595358,1.06127206619421
"10",11,1.034029378605,1.06415838607471
"11",12,1.00015597672694,1.08386925305393
"12",13,1.01544811816542,1.09563341997448
"13",14,1.01528630212915,1.09317327066307
"14",15,1.00291087679591,1.04943336899823
"15",16,1.01599465915084,1.06115178831736
"16",17,1.03687341030234,1.06728218708813
"17",18,1.07577135622481,1.14274603246041
"18",19,1.06415019497966,1.13168685469092
"19",20,1.0632358377423,1.11096830080506
