"","time","MRA","LR"
"1",2,0.995528384385441,0.99853558817326
"2",3,1.0107911789681,1.03224450323439
"3",4,0.99666923061463,1.04917360422817
"4",5,1.02407985489952,1.08281662365565
"5",6,1.01525266988394,1.02581839859952
"6",7,1.03700013733141,1.02557165901564
"7",8,1.03125952523127,1.02067813661384
"8",9,1.0116844247527,1.05135579992299
"9",10,0.970388416670408,1.05656726811376
"10",11,1.00298034676165,1.06820128963799
"11",12,1.01120025886062,1.11557673730732
"12",13,1.00458674451959,1.10706432419418
"13",14,1.02022528062184,1.097783116232
"14",15,1.00782482164695,1.14121624832877
"15",16,1.04632912247645,1.16669350816695
"16",17,1.05316705993559,1.1838136563772
"17",18,1.03952036226589,1.17117309602734
"18",19,1.05276378826744,1.16174127795148
"19",20,1.05980028742728,1.16932532521888
