"","time","MRA","LR"
"1",2,0.996953646757952,1.00009234016763
"2",3,1.01378047075484,1.03092796169803
"3",4,1.01668697147821,0.993073387786918
"4",5,1.01365725820593,1.02531511209079
"5",6,1.02931742608425,1.0631081506165
"6",7,1.01023105571906,1.0780265632214
"7",8,1.03526880645542,1.1034597264718
"8",9,0.986570263520271,1.07752117555094
"9",10,1.00237830336546,1.08446713578165
"10",11,1.01492510680811,1.08998639019629
"11",12,0.996060224928899,1.1077502242638
"12",13,1.01213402441652,1.10498748416655
"13",14,1.01149633013124,1.07686688007098
"14",15,0.985362144073997,1.06234725050036
"15",16,1.00165796104135,1.04863991820356
"16",17,0.99450904100418,1.08860224202181
"17",18,1.01036523708545,1.09253183497428
"18",19,0.99482416376058,1.092261055466
"19",20,1.02998137507779,1.1161374815366
