"","time","MRA","LR"
"1",2,0.999268495094196,1.01555377779343
"2",3,0.98852629677352,0.978731065065186
"3",4,0.996388972157992,1.00019837644842
"4",5,1.0041725007203,1.02473186825568
"5",6,1.0236837715724,1.02921318447323
"6",7,1.03827984685976,1.04411374030723
"7",8,1.02871927902935,1.09345614307134
"8",9,1.03895692616274,1.09359765685877
"9",10,1.02814202683589,1.08240814005076
"10",11,1.03025047294804,1.10440746566533
"11",12,1.03869487431291,1.10450742003382
"12",13,1.0437161941526,1.09272211950915
"13",14,1.04443419742344,1.14353831875053
"14",15,1.06382450378612,1.14529023890938
"15",16,1.05013129674871,1.13800168462699
"16",17,1.04814207497143,1.12626392844577
"17",18,1.041892305238,1.13794245492553
"18",19,1.05529871803322,1.14406796612971
"19",20,1.06742520798183,1.16108212625572
