"","time","MRA","LR"
"1",2,1.01829280900117,1.01824175979889
"2",3,1.01188186309068,1.00298700452683
"3",4,1.00797433297963,1.0162054974008
"4",5,1.02179539095814,1.03105084545276
"5",6,0.999738968912321,1.02523934809717
"6",7,1.00601418167484,1.02140152317117
"7",8,1.02582978972273,1.01725654948182
"8",9,1.01236321025811,1.02808654538954
"9",10,1.03676809381738,1.09032466788419
"10",11,1.05079633663299,1.08318186100378
"11",12,1.04802754297603,1.09422605511521
"12",13,1.03589632991861,1.08145913614286
"13",14,1.03272391717481,1.0669346502713
"14",15,1.02760009049593,1.13318753192663
"15",16,1.01567726119183,1.16248511181424
"16",17,1.0161892805012,1.14422150350152
"17",18,1.0163509446039,1.12356839463666
"18",19,1.02788803116891,1.12476001377607
"19",20,1.03435140499484,1.1387725734006
