"","time","MRA","LR"
"1",2,0.986969625730341,0.987193243042941
"2",3,0.993715608462324,0.97804948169414
"3",4,0.999844180471235,1.01038651296197
"4",5,0.993492912597934,0.998432069928449
"5",6,1.00266492374831,0.996643416113888
"6",7,1.0302786661072,1.04106146721468
"7",8,1.00883648644383,1.0450409827276
"8",9,1.02730238186633,1.07313098780813
"9",10,1.03458370138701,1.06656594536865
"10",11,1.01905490173901,1.07596984678027
"11",12,1.03473028394572,1.11907488991864
"12",13,1.03234011678925,1.13580608441451
"13",14,1.04960976409533,1.15521255990508
"14",15,1.0530612896697,1.14515791320189
"15",16,1.05276044574848,1.14010928418951
"16",17,1.04667361423226,1.17962017938018
"17",18,1.05010192810129,1.2131947054936
"18",19,1.050360567965,1.16770094951328
"19",20,1.04907141012224,1.1724382680808
