"","time","MRA","LR"
"1",2,0.9970967822624,0.998548579336105
"2",3,1.00462917717091,1.02399764032978
"3",4,1.00046925574662,1.0277819865967
"4",5,0.998885487302122,1.05526772407375
"5",6,1.00747515026147,1.0783069760056
"6",7,1.00502134021569,1.06200315963948
"7",8,1.00774384667992,1.08512850019514
"8",9,0.997185813551721,1.12521764661296
"9",10,1.01217385227553,1.12378118635312
"10",11,1.02733629630829,1.14584274975569
"11",12,1.02005193366085,1.11739234399384
"12",13,1.02643449022039,1.10456607654176
"13",14,1.07140607149789,1.10424421151666
"14",15,1.03476696508061,1.09498377434284
"15",16,1.05040461065946,1.14139696386633
"16",17,1.01555814798969,1.1422530748388
"17",18,1.01079800641878,1.1305521557388
"18",19,1.02327955049145,1.14007609663883
"19",20,1.0096936389537,1.07622957602986
