"","time","MRA","LR"
"1",2,0.982456952946688,0.985690525118445
"2",3,0.994603545999649,1.01532587568336
"3",4,0.999423686789664,1.02017749277833
"4",5,0.993280479121218,1.02348241990886
"5",6,1.03322813019476,1.05648381879941
"6",7,1.02802363698324,1.07634343491826
"7",8,1.0348082406453,1.07399579741426
"8",9,1.02414621228041,1.03824823739777
"9",10,1.03730498884527,1.05392743928298
"10",11,1.02639839928741,1.04320173842705
"11",12,1.06126064826442,1.06748506599855
"12",13,1.06276299807376,1.08282935458555
"13",14,1.05924070096363,1.11240924748631
"14",15,1.05081167305497,1.10627970649459
"15",16,1.02603111681532,1.08759556833651
"16",17,1.02724341036231,1.07981705472453
"17",18,1.05174322092864,1.10136632435247
"18",19,1.04198005372735,1.10349782234928
"19",20,1.01881238679943,1.09929322351967
