"","time","MRA","LR"
"1",2,0.980052461777355,0.987656325235765
"2",3,1.00399362858048,1.01044035125239
"3",4,1.01306888938735,1.00023088360713
"4",5,1.02370661968687,1.00569204734951
"5",6,1.03026845156273,1.01935245528191
"6",7,1.0430450840364,1.0540064626775
"7",8,1.02757513170355,1.02730852820992
"8",9,1.03585032927922,1.0346922722778
"9",10,1.02847411064787,1.04232394581952
"10",11,1.03480518433952,1.06418159461962
"11",12,1.01855750711294,1.05703031275227
"12",13,1.01402760678195,1.07701681846366
"13",14,1.00442803466084,1.10147158168639
"14",15,1.02933358150703,1.15592292113345
"15",16,1.03541949029466,1.1657706206669
"16",17,1.02901321972371,1.13547666065497
"17",18,1.03227369690058,1.13436063065872
"18",19,1.04275784637508,1.15572754249591
"19",20,1.05667139302389,1.15550946566181
