"","time","MRA","LR"
"1",2,1.00904916008961,1.00914689470206
"2",3,0.996967949288972,0.987367540195252
"3",4,1.01241241548578,1.04249193802074
"4",5,1.01559623869626,1.02640420005934
"5",6,1.03783367285032,1.06246974790909
"6",7,1.01001202383153,1.07449638264644
"7",8,1.02026666676323,1.10771307737999
"8",9,1.02172434908604,1.09727720952763
"9",10,1.03111688683643,1.08730063518429
"10",11,1.02625394772959,1.09357183906809
"11",12,1.02463476506221,1.12193135087279
"12",13,1.02811405429285,1.1260558076492
"13",14,1.0229100613781,1.08871776769055
"14",15,1.00539550793581,1.07550888493433
"15",16,1.00880649934245,1.05684420104967
"16",17,1.02061329597557,1.05523433450675
"17",18,1.02721644995651,1.06497017238039
"18",19,1.0337037974872,1.05599833606974
"19",20,1.02469810676792,1.04584669416165
