"","time","MRA","LR"
"1",2,0.97429951475804,1.00649344763445
"2",3,1.0122278622939,1.02165919073705
"3",4,1.00991737888314,1.02103077189482
"4",5,1.00768639699553,1.02277957255407
"5",6,1.02617376059289,1.06956130149716
"6",7,1.04037753811932,1.08493755659282
"7",8,1.0483157256095,1.08505870974662
"8",9,1.02364560968685,1.07396707350755
"9",10,1.04467963606948,1.07558618648288
"10",11,1.04797692059158,1.08770138570756
"11",12,1.04122654852096,1.08757309988146
"12",13,1.01362521697191,1.05651427337756
"13",14,1.01793314262681,1.04431635166033
"14",15,1.01993308409804,1.03585580825454
"15",16,1.02721296817419,1.05421258712598
"16",17,1.03092776792405,1.06882777003728
"17",18,1.01760022261949,1.07612638544571
"18",19,1.05516221448098,1.11954064622486
"19",20,1.0614463057216,1.11187456490147
