"","time","MRA","LR"
"1",2,0.983838480000984,0.999162325299778
"2",3,0.990217461768069,1.02086389772731
"3",4,0.990869860674862,1.01323284276008
"4",5,0.992117124497223,1.03123726118946
"5",6,1.03714615839973,1.05856268439032
"6",7,1.03907627951142,1.01464826679334
"7",8,1.03331546288185,1.01911829152124
"8",9,1.02119269468328,1.01734698521449
"9",10,1.01110412128369,1.04844454983394
"10",11,0.990503263584244,1.05079717323396
"11",12,1.0081965786873,1.07275658639645
"12",13,1.01285976457164,1.06356651468754
"13",14,1.00734805838657,1.09219019516534
"14",15,1.03333149265074,1.10136963078913
"15",16,1.03140029300224,1.12460830863338
"16",17,0.998481969227868,1.09115747836789
"17",18,1.02808735362829,1.08704071026513
"18",19,1.06175037758031,1.16749815441161
"19",20,1.05094900390326,1.14674258634216
