"","time","MRA","LR"
"1",2,1.01006537234489,0.998470012545665
"2",3,1.03028032860984,1.01018042891186
"3",4,1.02575443297418,1.05312146874036
"4",5,1.02863400894417,1.06861649831673
"5",6,1.0263616795332,1.10411285453355
"6",7,1.04250756156386,1.08903268141321
"7",8,1.03899830850939,1.09225512988551
"8",9,1.03132530265125,1.108196818143
"9",10,1.05469463040298,1.15194507707195
"10",11,1.02694165266311,1.13266954020441
"11",12,1.02139237429801,1.16414551667765
"12",13,1.03696441552038,1.16197248211864
"13",14,1.04343047135418,1.15548167255753
"14",15,1.03571753627618,1.14839055540274
"15",16,1.04440847604411,1.14307519719289
"16",17,1.07345593349227,1.16222362504331
"17",18,1.06978817671092,1.16886705222344
"18",19,1.05736103689315,1.15854189320463
"19",20,1.04706421690082,1.16526824235257
