"","time","MRA","LR"
"1",2,1.008570766882,1.01023148445232
"2",3,1.01005674607097,1.0183880420324
"3",4,1.01139801100371,1.03070083503797
"4",5,1.04757437039361,1.02530754564603
"5",6,1.04228805835646,1.03583107823962
"6",7,1.05777313576489,1.0684374624288
"7",8,1.07322829697584,1.10750305331893
"8",9,1.05091169220879,1.0911584795378
"9",10,1.07716760324339,1.12404518830256
"10",11,1.06301457414175,1.09307294267881
"11",12,1.06380690664151,1.10398264748348
"12",13,1.04564271181824,1.07137622312542
"13",14,1.04167611461971,1.06990849003041
"14",15,1.03282345273051,1.07477959102485
"15",16,1.03862695649965,1.09910747562917
"16",17,1.04915472407938,1.12320911386526
"17",18,1.04790963243839,1.14824529792225
"18",19,1.05325189237717,1.12949001067916
"19",20,1.02278794460189,1.15734270315695
