"","time","MRA","LR"
"1",2,1.01499700015819,0.995272651493226
"2",3,0.986975751199014,0.999736565343376
"3",4,1.03654861202221,1.03398313306343
"4",5,1.03697503517447,1.05954009418762
"5",6,1.02477864033172,1.07303316422198
"6",7,0.995303725093173,1.06479600991333
"7",8,1.02795792924795,1.07956445869103
"8",9,1.01157348624203,1.0748315876818
"9",10,0.997939338849683,1.02875927111802
"10",11,0.992273813162827,1.01906564766834
"11",12,1.0483127186035,1.12247427518346
"12",13,1.06940171266119,1.1824161249882
"13",14,1.03094583477491,1.13782630836722
"14",15,1.02629089671712,1.08590073698796
"15",16,1.00667490599665,1.13476259660484
"16",17,1.03936019297156,1.15643931472748
"17",18,1.07725636611421,1.21342871279999
"18",19,1.07055287736389,1.19787873784834
"19",20,1.05286266414428,1.15358871913455
