"","time","MRA","LR"
"1",2,0.99226857414357,0.995965285201186
"2",3,0.981086581450997,1.01914828961384
"3",4,1.00985984257414,1.0337203564682
"4",5,1.00848922969349,1.05114226585995
"5",6,1.04201686868305,1.04843567777466
"6",7,1.03234642730507,1.02380372583594
"7",8,1.01714290402475,1.01062795291414
"8",9,1.00593616130537,1.04121946558782
"9",10,1.026891939441,1.06494698331261
"10",11,1.06083320312183,1.14284875280581
"11",12,1.05872020543299,1.13965200537457
"12",13,1.06257786132199,1.11022787611585
"13",14,1.03851834273639,1.11329509819602
"14",15,1.07358429154526,1.14888081859529
"15",16,1.04960244690862,1.15623843770002
"16",17,1.03289315827296,1.13675534116349
"17",18,1.02364638766415,1.14415596632929
"18",19,1.02711535482448,1.15039405766176
"19",20,1.03972568598791,1.15607361810826
