"","time","MRA","LR"
"1",2,1.00242913194574,0.987044701320303
"2",3,0.994146492927724,0.986510902240664
"3",4,1.00235908915807,1.02545994979462
"4",5,1.01397941878539,1.0822008333308
"5",6,1.04303389938884,1.0923909981739
"6",7,1.02751968393273,1.06154695899737
"7",8,1.04173142373256,1.08912985806716
"8",9,1.03937587053608,1.11390960674123
"9",10,1.04807902010605,1.13041978631436
"10",11,1.04736021074425,1.09527831566194
"11",12,1.0536688964154,1.13100257881085
"12",13,1.04276597613544,1.13888076475275
"13",14,1.04206808104743,1.13136973838202
"14",15,1.03377951084833,1.10345524639219
"15",16,1.03385933141726,1.10607794881751
"16",17,1.01059401155334,1.07914846380383
"17",18,1.02864428837157,1.12487493112108
"18",19,1.00884490312233,1.08540022843092
"19",20,0.965937277187875,0.998007905631037
