"","time","MRA","LR"
"1",2,1.01526019999226,1.01567660985471
"2",3,1.01946278132433,1.02714516879115
"3",4,1.02402931798986,1.02214124520755
"4",5,1.03219762288998,1.06714878351185
"5",6,1.03159953337608,1.03240046509719
"6",7,1.03990953886837,1.05057585893934
"7",8,1.05210158291815,1.109827508673
"8",9,1.02467205456691,1.11267941613055
"9",10,1.0279773555458,1.0563415509297
"10",11,1.04463102932381,1.08568328613302
"11",12,1.04686086352543,1.11161565295897
"12",13,1.03503655533159,1.08516668178208
"13",14,1.05892442888328,1.09034789214063
"14",15,1.07108170007933,1.09684147867324
"15",16,1.09334870654858,1.11374260149851
"16",17,1.08575030368245,1.11331004548973
"17",18,1.07153499711828,1.09553999931501
"18",19,1.0761312614888,1.10612319218262
"19",20,1.07269577103857,1.07906495112983
