"","time","MRA","LR"
"1",2,0.974024151071918,1.02170963850003
"2",3,0.991334170438087,1.0216508064919
"3",4,1.00509412761337,1.03303237913763
"4",5,1.01240931860685,1.04398677708937
"5",6,1.00903901413365,1.07364146286438
"6",7,0.988332977305098,1.0286391334564
"7",8,1.02115816490879,1.06289086489806
"8",9,1.03321041288967,1.07404211859724
"9",10,1.0117949014072,1.06107804931363
"10",11,0.994191853468463,1.07464442065293
"11",12,0.996145487927064,1.04951976724921
"12",13,1.01554135420718,1.06926973867869
"13",14,1.02648569122788,1.08285781117635
"14",15,1.01039170374769,1.07199878183136
"15",16,0.993777568162607,1.04465114938449
"16",17,1.00237167491855,1.04601863178158
"17",18,0.99168392829175,1.04247540230198
"18",19,1.02076484848542,1.08735615697006
"19",20,1.02534741765588,1.11857857155293
