"","time","MRA","LR"
"1",2,1.01484250889783,1.00510896486611
"2",3,0.989870565775519,1.02011737109493
"3",4,1.01045794570737,1.03456121681176
"4",5,1.00255545637006,1.01171318089482
"5",6,1.03082880932647,1.06992943904182
"6",7,1.00449444778041,1.04894820611779
"7",8,0.991301361191132,1.01435648920163
"8",9,0.994280341125184,1.03085383121511
"9",10,1.00463181845988,1.08330332755461
"10",11,1.00494660856077,1.09062145564271
"11",12,1.02992927634305,1.10703539150514
"12",13,1.03315764181286,1.12007750284441
"13",14,1.01792692687031,1.05898888461188
"14",15,1.02306020206505,1.0878395536621
"15",16,1.03795791706224,1.08874967298536
"16",17,1.04913465788954,1.15003249094314
"17",18,1.03264962744584,1.08893546210041
"18",19,1.0383536401608,1.12870356948323
"19",20,1.04562759930054,1.15264047324007
