"","time","MRA","LR"
"1",1,0,0
"2",2,142.718913027311,490.437630166058
"3",3,72.8835936745629,485.303737948171
"4",4,87.976433180478,582.958053203484
"5",5,93.8564093042779,690.860494526829
"6",6,112.458909972947,679.521986572262
"7",7,109.630887845203,771.508438436801
"8",8,131.339131157044,953.487839923397
"9",9,125.451484502637,1075.23043836738
"10",10,123.723897315268,1154.90219053094
"11",11,112.97569372273,1096.72899006936
"12",12,137.04393228542,1078.26782878143
"13",13,150.621320090124,1253.1004029812
"14",14,146.859616598273,1251.04886939924
"15",15,144.00900909384,1226.99809712256
"16",16,174.94233281262,1530.68618425603
"17",17,200.538852061148,1548.03404622323
"18",18,171.678562608702,1466.29210144238
"19",19,175.683548526757,1621.40644087812
"20",20,185.15174159456,1664.83608323585
