"","time","MRA","LR"
"1",1,0,0
"2",2,129.618743357753,448.642178685996
"3",3,66.7640830939107,509.659586596193
"4",4,72.884812895016,564.609596216799
"5",5,99.5687179254306,742.332905666812
"6",6,108.658640383438,731.188317609218
"7",7,150.412145249734,871.294624080243
"8",8,151.841513936665,902.952366948046
"9",9,144.565543471716,1112.30096383116
"10",10,176.674716138037,1429.00965470092
"11",11,154.49340221968,1615.367840426
"12",12,145.559326411703,1543.63967658863
"13",13,144.768005578398,1442.43836148293
"14",14,125.584867542599,1305.85123766059
"15",15,158.280829263334,1196.65671668771
"16",16,131.157023613113,1164.59232358141
"17",17,143.119727524618,1127.34045375152
"18",18,147.334238254042,1092.14190677688
"19",19,164.041823214189,1124.48753641782
"20",20,179.261028646388,1246.65282444345
