"","time","MRA","LR"
"1",1,0,0
"2",2,118.1664160622,456.65687170076
"3",3,74.0080377088869,492.050085038822
"4",4,93.1195616878213,651.43072964621
"5",5,110.221722473791,684.631604122284
"6",6,109.8393005584,845.645340806152
"7",7,129.486629570876,942.62306780999
"8",8,132.128895113147,1021.68844319376
"9",9,151.287781850735,1070.06209406233
"10",10,152.110186575143,1209.04904599568
"11",11,170.552061745637,1320.54125814839
"12",12,179.036739465116,1266.64469447033
"13",13,172.824950177308,1198.97897639568
"14",14,183.241857060945,1269.5637222475
"15",15,185.448057198924,1447.78903289903
"16",16,197.839593308659,1856.17322432607
"17",17,198.343968795896,1894.50160081397
"18",18,217.19970871709,1853.28881389617
"19",19,190.840591051097,1935.30129275707
"20",20,203.844678994896,1874.90826155063
