"","time","MRA","LR"
"1",1,0,0
"2",2,142.809282359054,452.957594107484
"3",3,78.6941318169562,537.795100074112
"4",4,79.6196593484644,717.160962211757
"5",5,107.115162602554,901.525575906894
"6",6,90.4218064334652,927.807455361091
"7",7,96.5051080290739,1002.65343816617
"8",8,110.956621289667,1058.26460119681
"9",9,117.148551990442,1229.58069641847
"10",10,148.834778710993,1380.79383006993
"11",11,155.478826978206,1222.08948510224
"12",12,138.626987985308,1186.25313760128
"13",13,141.416874107024,1213.20497358693
"14",14,144.445785077962,1185.35085139323
"15",15,133.957856481874,1166.87332672318
"16",16,136.55276282847,1063.62509248277
"17",17,128.77693996385,1117.93746610796
"18",18,132.214886945343,1136.07829465568
"19",19,135.426244651329,1013.4567469149
"20",20,146.726640550573,1054.24234761938
