"","time","MRA","LR"
"1",1,0,0
"2",2,147.116138371203,496.839199890032
"3",3,82.5588437834583,560.98926686996
"4",4,59.7328837670768,663.74109112477
"5",5,89.2291407665977,636.197437911906
"6",6,119.392619211124,681.655683163945
"7",7,149.267195819356,816.128723507327
"8",8,188.378071483904,925.616999313266
"9",9,181.439944051635,1041.07882921913
"10",10,168.699250876098,1090.8114106955
"11",11,170.945503772846,1129.09521872304
"12",12,186.017582051529,1317.20887062673
"13",13,186.434815118994,1432.52007337484
"14",14,195.099932493487,1421.92174235418
"15",15,201.962191279449,1540.73770237519
"16",16,175.003273877514,1570.89180113075
"17",17,185.836452045257,1897.70759458232
"18",18,182.668863961024,1844.78169185917
"19",19,186.110872757099,1563.32559563134
"20",20,178.547959021564,1626.68634756133
