"","time","MRA","LR"
"1",1,0,0
"2",2,119.161491442164,476.549151591955
"3",3,94.2596048208216,590.420346755553
"4",4,96.8120916522095,648.622455861398
"5",5,117.056975397933,751.994338695771
"6",6,114.71247181002,804.151646820615
"7",7,126.862456830993,721.394678755487
"8",8,142.354653041037,881.32329709409
"9",9,125.686744090531,1048.5410909824
"10",10,141.189660807471,1186.6159664889
"11",11,162.523418267006,1211.40234693486
"12",12,186.397351789096,1444.93554946207
"13",13,202.699603758946,1485.47112155335
"14",14,179.38630953821,1319.31985734319
"15",15,174.628659178226,1310.53360536477
"16",16,204.797879280718,1351.35594345565
"17",17,197.39173690356,1429.53479847753
"18",18,213.775823961018,1339.05426801683
"19",19,213.687763903,1622.68454322802
"20",20,180.330587104267,1695.12957463688
