"","time","MRA","LR"
"1",1,0,0
"2",2,133.973665566703,541.600999133288
"3",3,89.4653165459719,607.540085365878
"4",4,75.9109867894796,697.476534338879
"5",5,102.490882654111,780.437225204104
"6",6,90.3484265770201,897.133627260403
"7",7,129.165802953025,917.188414426973
"8",8,124.072877584841,1014.43758809385
"9",9,156.275251616311,1027.52219395945
"10",10,168.831468083811,1231.78634198236
"11",11,159.64519809396,1025.75187841901
"12",12,173.706278188104,1008.73400282509
"13",13,158.532425867634,1026.94239399704
"14",14,169.898269660496,1189.06077420185
"15",15,167.844290976786,1407.88406263895
"16",16,150.367928836361,1534.34635359841
"17",17,161.294879814253,1534.8770040849
"18",18,161.418121729413,1425.37687970545
"19",19,167.866171883937,1395.27219430357
"20",20,165.321427912637,1375.63958222373
