"","time","MRA","LR"
"1",1,0,0
"2",2,122.698047211343,454.358182691261
"3",3,66.4694277591417,511.263958113718
"4",4,104.16834545896,580.166619897284
"5",5,120.729829293732,753.547783062875
"6",6,141.247248947115,954.209843415021
"7",7,133.062556524692,1012.26648026355
"8",8,141.413735723699,1158.28702668624
"9",9,152.33122249402,1170.1121278464
"10",10,157.803130129509,1200.71023137927
"11",11,169.242937341532,1152.72990307093
"12",12,190.629640731744,1300.85072160941
"13",13,166.702209893631,1326.28065876987
"14",14,194.133527999822,1396.16401770659
"15",15,179.310226511054,1332.89548448053
"16",16,201.476409657925,1228.16048318683
"17",17,181.584919985146,1328.37825111751
"18",18,187.510419577723,1401.89498527301
"19",19,180.400046665032,1507.88446796672
"20",20,153.468080834614,1521.42427337929
