"","time","MRA","LR"
"1",1,0,0
"2",2,141.756859490869,471.334076819281
"3",3,84.6019570240915,600.396202991048
"4",4,98.7843987325044,733.17273089722
"5",5,89.4370473049185,692.795991750718
"6",6,81.2625422000212,775.465404721709
"7",7,134.885155505297,929.017604338573
"8",8,160.177823433615,884.434094420177
"9",9,151.543697693142,1136.61901812633
"10",10,158.965028056178,1117.13097749313
"11",11,133.35466532585,1091.70239663709
"12",12,109.82188350443,1191.93591740235
"13",13,150.990509793945,1413.77219110762
"14",14,160.458041573937,1519.97452933693
"15",15,170.677347368003,1459.59771637759
"16",16,162.588381487154,1348.13250176016
"17",17,167.019554462143,1173.2536943667
"18",18,159.946528686218,1208.57296922695
"19",19,185.527269186372,1492.09358635851
"20",20,177.573925748193,1587.82185261704
