"","time","MRA","LR"
"1",1,0,0
"2",2,147.419542891593,524.300575495458
"3",3,83.5643229885801,554.011712766661
"4",4,91.6286671905964,593.224404212021
"5",5,124.139180372983,838.750515116402
"6",6,119.210801623666,923.682656415317
"7",7,141.440936497642,931.192700360555
"8",8,160.554897447532,1029.3138772168
"9",9,154.196123901424,936.571819674715
"10",10,166.054629281966,978.606228140912
"11",11,182.24903430406,1038.82164032443
"12",12,141.909088956173,1302.41587005153
"13",13,189.100524808599,1679.38174828242
"14",14,177.007868181148,1780.99953533139
"15",15,143.060473111075,1536.76069892069
"16",16,155.483491063198,1469.47159197318
"17",17,156.665063706709,1452.24082297769
"18",18,174.197468573685,1428.23875457648
"19",19,144.65542505713,1439.53468625711
"20",20,178.4518912855,1654.93020677774
