"","time","MRA","LR"
"1",1,0,0
"2",2,145.084927153894,461.394641476053
"3",3,82.8843353953172,533.193500776351
"4",4,90.5688760213646,801.524829906635
"5",5,97.9630706632636,858.516751341966
"6",6,108.34732626375,926.806334380912
"7",7,145.428758423679,960.946293491674
"8",8,138.874704927967,1017.06036287094
"9",9,150.40371882367,1040.74346055749
"10",10,159.255036101494,1032.8763871862
"11",11,171.066146620565,1090.29151855926
"12",12,173.163386721112,1176.49784175541
"13",13,156.419162973044,1093.44283282427
"14",14,164.057075695952,1066.74881144668
"15",15,171.358860568543,1263.69593463485
"16",16,176.371072596207,1329.88796397388
"17",17,190.929965255141,1442.4577345709
"18",18,188.98528265159,1361.98658909391
"19",19,163.490449916295,1382.01748046543
"20",20,153.820045240018,1291.69673834042
