"","time","MRA","LR"
"1",1,0,0
"2",2,144.90191697053,484.157122376942
"3",3,86.0379000058325,523.512209964493
"4",4,79.4882991858337,632.879308450502
"5",5,87.2355132542181,673.417387976382
"6",6,112.651378698396,681.229229943253
"7",7,119.09842341349,714.48118327656
"8",8,113.24836649756,788.904016920654
"9",9,118.314095758361,932.227702597511
"10",10,129.586216055157,986.245978914409
"11",11,129.379741397487,1020.2951113592
"12",12,165.596030511903,1224.0048342283
"13",13,192.022762595263,1281.31899463465
"14",14,182.15011683467,1133.51029999406
"15",15,182.132601734608,1161.44713362989
"16",16,119.659618862621,1125.20019501567
"17",17,148.645219976194,1258.67070871514
"18",18,167.874681647598,1135.29705274791
"19",19,183.112754764404,1308.06692501995
"20",20,168.442576087164,1284.61220876824
