"","time","MRA","LR"
"1",1,0,0
"2",2,110.509096010216,423.483125970964
"3",3,94.3624799415004,624.041434826655
"4",4,97.2807899068443,683.54513772013
"5",5,94.0662888793106,743.49272667751
"6",6,102.551670827594,996.220571640714
"7",7,130.229435686713,1081.22849724909
"8",8,137.96246346992,1043.91783367321
"9",9,147.133502492245,1077.33482012839
"10",10,156.688212262682,1193.99020496279
"11",11,158.367825630294,1212.64997967662
"12",12,192.839251199682,1254.71619087642
"13",13,166.975610940274,1069.91406066496
"14",14,158.207894457533,1054.65847247045
"15",15,169.226897728468,1101.57802400993
"16",16,161.534855983979,1182.62346553905
"17",17,151.897546221356,1268.5141642274
"18",18,158.708804331765,1253.91456934255
"19",19,149.595548498202,1386.56832664693
"20",20,158.751121363867,1677.86348219805
