"","time","MRA","LR"
"1",1,0,0
"2",2,143.676519989659,537.662306190115
"3",3,91.8849092806521,594.459028080951
"4",4,86.1652690778297,696.895287475248
"5",5,105.221352973548,663.492502557204
"6",6,99.7976707791756,740.100327832517
"7",7,88.1516765116658,756.704287005015
"8",8,111.205460318576,885.333324465251
"9",9,145.887928585026,949.82247083299
"10",10,124.151216370368,1179.2858875528
"11",11,173.044339224516,1375.65624382338
"12",12,158.389967332549,1363.33225101523
"13",13,158.46887508674,1205.13240296226
"14",14,175.488394939355,1203.63297258195
"15",15,184.514546228202,1497.74397845569
"16",16,194.399370779546,1602.31022238175
"17",17,171.468484478266,1554.81166202473
"18",18,188.593124018131,1482.313467569
"19",19,160.983861941711,1456.47087588649
"20",20,159.038877783735,1587.52027199915
