"","time","MRA","LR"
"1",1,0,0
"2",2,140.564759873613,474.200696505398
"3",3,68.2818162430768,567.682977503292
"4",4,75.5564775243917,742.35334690558
"5",5,111.504405826106,811.533151925364
"6",6,114.526575688059,913.391818638317
"7",7,120.140994638773,932.687782671465
"8",8,129.547387691448,1081.30218463218
"9",9,136.620208608151,1180.06927353914
"10",10,142.553759546087,1163.68146727115
"11",11,172.927896721732,1311.55171944534
"12",12,156.200553664608,1180.95314038523
"13",13,173.329087353458,1269.60065723197
"14",14,183.1042510005,1430.10986951187
"15",15,167.679696455257,1482.71884130752
"16",16,198.320210428922,1711.61952822476
"17",17,219.021777226665,1698.81668469594
"18",18,222.639612538883,1596.18492784526
"19",19,190.947558063037,1515.91865841007
"20",20,169.490543678864,1397.47144298096
