"","time","MRA","LR"
"1",1,0,0
"2",2,142.564620387249,585.505136967065
"3",3,71.3452586770152,596.19322064945
"4",4,78.7261838974832,641.907879293839
"5",5,106.385756366727,672.042712317575
"6",6,123.564344955172,806.08394140235
"7",7,139.794783317998,957.972819620556
"8",8,113.390930249398,908.071685528122
"9",9,113.829500086123,862.043012268378
"10",10,126.587167391996,1024.23098888553
"11",11,99.0818185458119,943.35378287586
"12",12,136.303351044797,1115.42568642183
"13",13,148.987177450071,960.739045233535
"14",14,142.199503100527,866.762864675166
"15",15,152.221738667017,901.783254996024
"16",16,170.243459315849,1036.8922503334
"17",17,187.707357081733,1055.08644228848
"18",18,175.746057963417,1114.99962800375
"19",19,167.3441408804,1106.17456139286
"20",20,139.907130849895,1070.60201378656
