"","time","MRA","LR"
"1",1,0,0
"2",2,112.709242490089,420.474364383676
"3",3,81.6245014458405,557.163955136207
"4",4,96.3707462896238,626.531997997968
"5",5,132.513065272672,822.11249561185
"6",6,122.264617454075,931.243574748597
"7",7,157.833787915962,1237.6691994266
"8",8,140.779967600244,1294.30655338689
"9",9,164.699553271511,1227.26252577538
"10",10,157.113989605344,1096.45676582113
"11",11,164.039055750945,1015.44452261093
"12",12,161.627073498105,1045.77525332568
"13",13,153.939574554268,1219.41457654303
"14",14,168.852713728753,1416.66649940752
"15",15,146.600924686602,1561.68849448743
"16",16,174.938223328263,1486.39150959766
"17",17,182.650749189586,1634.24038262815
"18",18,146.3928082207,1369.760743469
"19",19,173.388790881802,1351.96544098786
"20",20,175.388295304983,1455.96448168085
