"","time","MRA","LR"
"1",1,0,0
"2",2,126.075982725649,457.677731100652
"3",3,76.8423543013473,529.392810219903
"4",4,80.7488247277696,595.052063382253
"5",5,97.8520074507478,743.878234150408
"6",6,95.2876420498101,695.205116202345
"7",7,108.05718884924,743.243779174806
"8",8,113.956470213355,753.713779701111
"9",9,135.098519314809,962.0303559731
"10",10,134.713482156864,1133.44316343669
"11",11,134.153274536963,1101.24490241427
"12",12,159.320570296288,949.163117081299
"13",13,152.191433989856,898.337170654608
"14",14,153.63675617615,1038.9167776564
"15",15,158.730483769614,1179.19235882188
"16",16,150.943418880725,1413.12067515583
"17",17,181.519268696971,1435.45426828943
"18",18,167.612647208403,1379.81103818735
"19",19,186.433138907274,1453.07541293821
"20",20,188.962631808705,1389.34488053466
