"","time","MRA","LR"
"1",1,0,0
"2",2,139.220222757451,529.611722298516
"3",3,86.992560480468,509.180235539658
"4",4,87.7435035832781,649.920506390755
"5",5,102.076567798083,898.247575419349
"6",6,105.576111561204,866.093747300548
"7",7,143.518195404322,946.829926110144
"8",8,158.503101462528,1004.86576448994
"9",9,164.958930964413,1123.03967522045
"10",10,148.384774066961,1063.44714138221
"11",11,140.412000530553,1051.94931369549
"12",12,185.568878314001,1103.57202347091
"13",13,208.714970474789,1178.71243088809
"14",14,172.113450917664,1149.34215455157
"15",15,193.979522697081,1226.17524701594
"16",16,168.104871068629,1359.11858017764
"17",17,172.731539520113,1404.2067545868
"18",18,204.556167566593,1624.19638390485
"19",19,212.269381278438,1692.28723289394
"20",20,221.718382049485,1694.09112930489
