"","time","MRA","LR"
"1",1,0,0
"2",2,139.801363037906,525.278533428027
"3",3,73.5239112190063,575.651506907753
"4",4,69.3327411482104,601.150042084826
"5",5,112.101687433411,726.990912736842
"6",6,102.289453991591,990.56862138812
"7",7,150.271152620084,1287.15028686713
"8",8,153.007648754024,1324.80903475149
"9",9,138.630957947911,1312.7501750502
"10",10,165.805795575723,1445.88334420386
"11",11,163.238821437296,1345.16121452876
"12",12,162.060423054676,1374.24272180968
"13",13,166.161737537395,1264.89498730192
"14",14,189.765851845492,1251.32737693441
"15",15,197.82015182419,1192.61448224967
"16",16,176.980830429621,1282.37479514118
"17",17,154.99373844024,1253.69057285997
"18",18,164.817936594557,1364.81823343642
"19",19,174.871503564268,1404.42570076851
"20",20,169.096412850238,1394.7250495948
