"","time","MRA","LR"
"1",1,0,0
"2",2,133.347233331625,441.708453277518
"3",3,90.413396872223,550.188304737736
"4",4,81.4002733449549,567.220631606409
"5",5,115.524257703664,731.86930409855
"6",6,137.60767620571,935.972311566354
"7",7,125.163596899795,967.310866477884
"8",8,152.646315815581,854.870426277587
"9",9,147.106272248581,906.63406038174
"10",10,155.151767224267,1057.09385123545
"11",11,151.889075282486,1113.94126927897
"12",12,136.615645123959,1098.22332465488
"13",13,174.591419849154,1036.07277266932
"14",14,149.329463708846,1013.45059654575
"15",15,143.349893064389,1108.44465556818
"16",16,176.268993282399,1234.87273907467
"17",17,180.608870057903,1392.22329475179
"18",18,182.53311345523,1291.0260094628
"19",19,161.212986017809,1350.43179677001
"20",20,171.097859355251,1318.99130786048
