"","time","MRA","LR"
"1",1,0,0
"2",2,139.483882299912,467.210275757055
"3",3,74.0461959643542,522.652350045159
"4",4,78.0705925042025,640.958341880937
"5",5,91.0758318066322,680.088015869101
"6",6,99.2104209492837,734.964978361751
"7",7,140.339810203041,780.9549806246
"8",8,138.617569025106,789.146720872876
"9",9,154.526526358798,925.964510435473
"10",10,153.677243227762,1081.74629135785
"11",11,143.420662264121,1110.66500797656
"12",12,161.07518646489,1270.14895764286
"13",13,157.017781795025,1224.36321215521
"14",14,146.524132790967,1256.58563053031
"15",15,131.376891414444,1255.49681674467
"16",16,145.956832134396,1266.60083099596
"17",17,128.069148424956,1293.1686126158
"18",18,155.24358253566,1377.40646155112
"19",19,169.189884027684,1503.16038376158
"20",20,163.189245071855,1420.67365602159
