"","time","MRA","LR"
"1",1,0,0
"2",2,135.536217590606,484.633899301441
"3",3,99.6991065823005,623.567164236848
"4",4,88.7923076024068,593.955172626964
"5",5,94.1191972080412,594.941953529944
"6",6,122.258196989917,687.292942672375
"7",7,121.21449743019,772.050382605802
"8",8,117.31242093012,707.513753854322
"9",9,130.019280527061,798.82738142035
"10",10,114.742927445599,823.172449429108
"11",11,140.697674298951,1092.3704372257
"12",12,151.114360056494,1368.91426929091
"13",13,157.490672644008,1574.48234272448
"14",14,127.381217055944,1413.62325030806
"15",15,144.825610292038,1533.54500681949
"16",16,145.260053478487,1405.19284179336
"17",17,140.615595371513,1408.02302231738
"18",18,180.349391651042,1335.10831693902
"19",19,196.790407171611,1538.20379832228
"20",20,203.09114181237,1614.17223203871
