"","time","MRA","LR"
"1",1,0,0
"2",2,117.209827398195,455.350357759727
"3",3,77.7400762128322,544.776311249305
"4",4,101.49992646815,725.911962380793
"5",5,106.029812570661,773.457873487095
"6",6,105.217215141573,685.562764414903
"7",7,110.64139458285,901.722430911838
"8",8,137.966304596991,947.167515474378
"9",9,170.924304065036,985.137798227077
"10",10,133.068193873817,915.607445510784
"11",11,158.197679008299,1166.18893705695
"12",12,181.800983159004,1241.15551277718
"13",13,176.101825408266,1167.01090229042
"14",14,173.923203991704,1037.20698287852
"15",15,180.685861688438,1008.96157795759
"16",16,154.766692451096,958.207155885692
"17",17,182.632113950494,1231.9620764016
"18",18,174.921256306799,1322.96523739107
"19",19,197.75978272442,1382.03300868519
"20",20,205.305976715724,1601.10365901494
