"","time","MRA","LR"
"1",1,0,0
"2",2,142.00974051814,487.444087649183
"3",3,93.6488530862291,586.280266620563
"4",4,71.3589701154253,622.414422219282
"5",5,91.8502629301381,745.580389687589
"6",6,115.388880164817,928.97314405531
"7",7,108.561255085239,910.400544973247
"8",8,110.750058845295,958.295843974293
"9",9,117.162030691375,1021.46476700025
"10",10,122.232116926831,1141.83132811168
"11",11,107.0519545393,1503.15671902716
"12",12,137.744896096842,1315.2637292526
"13",13,175.69777817088,1308.02881339151
"14",14,205.164947753949,1365.37082566858
"15",15,219.73140703549,1361.18148009914
"16",16,198.046626490044,1324.41948748206
"17",17,198.266561804951,1624.2981187989
"18",18,168.527804801899,1539.7545439246
"19",19,140.959877402947,1487.5238768717
"20",20,161.012784913947,1410.67549006895
