"","time","MRA","LR"
"1",2,1.0223716262959,0.997171160365682
"2",3,1.0167748418362,0.99992778711307
"3",4,1.01767523739912,1.02062454519162
"4",5,1.02598779431734,1.06458866834569
"5",6,1.02430734530874,1.07509667229771
"6",7,1.0115806592003,1.06222621283619
"7",8,1.01419487664135,1.06392897767236
"8",9,1.03016461364165,1.08539030973832
"9",10,1.03752794874112,1.07563009463411
"10",11,1.03577562556412,1.03301909451035
"11",12,1.03045454320907,1.06267780110878
"12",13,1.04642204371583,1.07860907374216
"13",14,1.06597750447828,1.08712699740526
"14",15,1.05663732108296,1.10849309629189
"15",16,1.00932859473929,1.1130505939233
"16",17,1.0410216971066,1.13844688111871
"17",18,1.04878410826324,1.14881253030647
"18",19,1.01688103760411,1.13979549374199
"19",20,1.01029898267022,1.12884696669026
