"","time","MRA","LR"
"1",2,0.988288660634206,1.01889887905976
"2",3,1.01046630059166,1.01977030748317
"3",4,1.0283406941306,1.03390171528451
"4",5,1.01084430467053,1.04567118053647
"5",6,1.02659989540366,1.06026626721316
"6",7,1.02663965673478,1.08310814034093
"7",8,1.00689336973656,1.08219814115561
"8",9,1.02527453883473,1.11919317443763
"9",10,1.0276713714294,1.09301642596922
"10",11,1.05260877070817,1.10277765123015
"11",12,1.05659177735688,1.08181436092379
"12",13,1.04418437644029,1.05643512473205
"13",14,1.05886657065202,1.1074307711296
"14",15,1.04749634199228,1.10807436631531
"15",16,1.03323501868151,1.1039908619505
"16",17,1.05861134399164,1.0931015615251
"17",18,1.0519510407595,1.08213401219549
"18",19,1.05421199984607,1.10279864959597
"19",20,1.0707147893715,1.12604882706092
