"","time","MRA","LR"
"1",2,0.979919953558743,0.987899845357739
"2",3,1.01159602113384,1.02244785445265
"3",4,1.03600386569743,1.02163855900584
"4",5,1.03166351430866,0.989359424930052
"5",6,1.02846568232437,0.983444428379902
"6",7,1.03249292447894,1.02634144162238
"7",8,1.03379808360484,1.06837186861012
"8",9,1.0188668735393,1.0975636859143
"9",10,1.03954564745688,1.11244816772605
"10",11,1.04345877130539,1.12414214855141
"11",12,1.03513154583163,1.14988231846719
"12",13,1.04734470511414,1.14863329280057
"13",14,1.05203474464234,1.13360264526813
"14",15,1.04860866858157,1.12296802766233
"15",16,1.0767750883151,1.14766657570666
"16",17,1.05284721673855,1.10222339454907
"17",18,1.03880981401047,1.12625368286421
"18",19,1.02369134887064,1.11198278064999
"19",20,1.03466616777965,1.13533013736976
