"","time","MRA","LR"
"1",2,0.98717665088925,0.97328257105257
"2",3,0.998420916067724,1.02071560888859
"3",4,1.00972687955384,1.04292443970042
"4",5,1.01200748177738,1.03823759442564
"5",6,1.01491386742784,1.04811361015685
"6",7,1.02874062666545,1.06387992017311
"7",8,1.02678108913383,1.07250894635049
"8",9,1.02900258867409,1.05139289573108
"9",10,1.03485078531638,1.04851295733417
"10",11,1.04832206856016,1.09450834859651
"11",12,1.04706237273777,1.10645057163581
"12",13,1.04396336726422,1.13194089164269
"13",14,1.02076576504959,1.13398113157656
"14",15,1.03234133141169,1.11538081061959
"15",16,1.04078683693553,1.10039306645015
"16",17,1.06591739654551,1.11885374499347
"17",18,1.06750267106882,1.15594502040217
"18",19,1.04847129117346,1.14372510289823
"19",20,1.04649444502724,1.13362280290205
