"","time","MRA","LR"
"1",2,1.0050478444449,0.994816250662578
"2",3,1.00290528616363,1.00202989672473
"3",4,0.998363816555329,1.02061023860263
"4",5,1.00916097853989,1.04771986955932
"5",6,1.01099984459593,1.04832060719794
"6",7,1.0360787729926,1.06729333368623
"7",8,1.05159957535312,1.09866599331755
"8",9,1.04273053123821,1.10343699526419
"9",10,1.03251739131304,1.06210368452455
"10",11,1.04737466225783,1.09815523212265
"11",12,1.05492597792527,1.13352821035654
"12",13,1.05725897021758,1.14463659737049
"13",14,1.05638807335866,1.16756145902547
"14",15,1.06051912031749,1.15486403946389
"15",16,1.06589717465139,1.17638762332717
"16",17,1.07538338230599,1.17579032726263
"17",18,1.06213969718898,1.12068060110935
"18",19,1.04973697351583,1.13435560961574
"19",20,1.07730837032291,1.20168472963601
