"","time","MRA","LR"
"1",2,1.01520949640754,1.01838929410375
"2",3,1.02529192791356,1.02517409206494
"3",4,1.03331589094027,1.04803678690953
"4",5,1.01700821652514,1.0588440650757
"5",6,1.0186577893272,1.04487896204192
"6",7,1.0549656061214,1.06522899530983
"7",8,1.01882634360359,1.05103801892935
"8",9,1.02825498934194,1.04356651001036
"9",10,1.04714258440823,1.09505666165222
"10",11,1.05575955821097,1.10501487736586
"11",12,1.03415595426739,1.09751708113511
"12",13,0.998035441597317,1.10651162961757
"13",14,1.00861647184962,1.0823226125424
"14",15,1.00018223302041,1.06718733105046
"15",16,1.01657704939872,1.06942782551786
"16",17,1.04380395904234,1.10474289210715
"17",18,1.04709041237223,1.14189104693095
"18",19,1.03287868021216,1.13326865860997
"19",20,1.05856904509801,1.16476684790553
