"","time","MRA","LR"
"1",2,0.994754530210304,1.00092579008092
"2",3,1.00383025266057,1.01519774012224
"3",4,0.991587954156061,1.01118431708285
"4",5,0.995307763180853,1.00485254544309
"5",6,1.0305361907042,1.01553850441898
"6",7,0.999271311735768,1.01709124158215
"7",8,1.00838480796234,1.01296159140569
"8",9,1.0162681757569,1.01550011124508
"9",10,1.02378055070375,1.05617849149379
"10",11,1.05123521156148,1.11971515802294
"11",12,1.05806154193332,1.15136408533561
"12",13,1.05753538459953,1.16670467365826
"13",14,1.05855711860895,1.15707595615307
"14",15,1.07448761874513,1.20130286378674
"15",16,1.03995276052933,1.16729827767699
"16",17,1.02529507281773,1.1195737269756
"17",18,1.03396587945067,1.154022802707
"18",19,1.02922677626702,1.13845508686211
"19",20,1.03333427546203,1.12719368337605
