"","time","MRA","LR"
"1",2,0.958424139259732,0.977002127683362
"2",3,0.98338331868182,1.00199400261443
"3",4,1.010962983371,1.01878121622412
"4",5,0.996768379428501,1.02503568840332
"5",6,1.00811544248295,1.03557261509442
"6",7,0.98660749728984,1.04589025437025
"7",8,0.993708545156319,1.07836724229428
"8",9,1.00279350654259,1.07958588341726
"9",10,1.03102165224703,1.09099806663581
"10",11,1.03317501787284,1.10429690407311
"11",12,1.04816757714948,1.130509827528
"12",13,1.03976924820524,1.11110728873122
"13",14,1.03408966759247,1.12656403656911
"14",15,1.03436960675232,1.16384179653556
"15",16,1.0295115496652,1.18025063063212
"16",17,1.04670275971245,1.15926420169176
"17",18,1.07095038810893,1.13960263453557
"18",19,1.05757626730757,1.16497299389158
"19",20,1.05473467946781,1.14714299370824
