"","time","MRA","LR"
"1",2,1.00128314181652,0.99904802653194
"2",3,1.02094358777894,1.01567995081585
"3",4,1.02138802494174,0.996510792685575
"4",5,1.01053624238873,1.01372886202949
"5",6,1.0088681028815,1.03086011945224
"6",7,1.02557858529195,1.07724929330954
"7",8,1.00141175922153,1.04329996203584
"8",9,0.998778064718508,1.0683703337737
"9",10,1.02196471317323,1.10273383624101
"10",11,1.02564618662286,1.11769277716233
"11",12,1.00303558847452,1.07228579055646
"12",13,0.990974614297092,1.07389249313354
"13",14,1.0282872341546,1.16482849651494
"14",15,1.05365400225293,1.18739816666891
"15",16,1.06164684304039,1.18759664132084
"16",17,1.0565763048116,1.16720958668319
"17",18,1.03041871793997,1.13962697098851
"18",19,1.00653535678211,1.07174109179319
"19",20,1.01049650807198,1.06504357124257
