"","time","MRA","LR"
"1",2,1.01271638738219,1.02607175945942
"2",3,1.0141309740006,1.00016367240081
"3",4,1.01040829444675,1.02000916326515
"4",5,1.01971723421061,1.029826267764
"5",6,1.0014598058794,1.05880130616374
"6",7,1.00963114627895,1.08106008769178
"7",8,1.01554794355018,1.10179309635733
"8",9,1.01972122640813,1.13943618355723
"9",10,1.03156440653898,1.10169503734299
"10",11,1.02922875180611,1.09658394781017
"11",12,1.03294784108799,1.12552258747826
"12",13,1.05131519738705,1.15752626706534
"13",14,1.04272782054367,1.15488827655359
"14",15,1.03044314243252,1.15472579011043
"15",16,1.01915903331125,1.17417594603204
"16",17,1.02850456221933,1.19887709756456
"17",18,1.03752464446541,1.17848493952062
"18",19,1.05452247452321,1.22711215898892
"19",20,1.07470928235104,1.17410053077145
