"","time","MRA","LR"
"1",2,1.01202814823591,1.00075264937164
"2",3,1.01476583703981,1.03758827208367
"3",4,1.01987112287703,1.05473991806101
"4",5,1.01718084900968,1.0335123041084
"5",6,1.03619510217266,1.0370625566863
"6",7,1.03562418353174,1.04630187603769
"7",8,1.02590804524978,1.03753011009674
"8",9,0.987982532705412,0.997208029231742
"9",10,0.972568822653537,0.983665780016161
"10",11,1.00185777341946,1.0161603788477
"11",12,1.01937926493458,1.07558298313324
"12",13,1.01951467687233,1.09024804102928
"13",14,1.0045684967169,1.05572570459042
"14",15,1.00145369264408,1.05698201772863
"15",16,1.02656623174306,1.11125657458651
"16",17,1.02156170073774,1.08841648689934
"17",18,1.03165534187944,1.08756311402215
"18",19,1.02752012322086,1.06992981379827
"19",20,1.06380686302827,1.06578404603331
