"","time","MRA","LR"
"1",2,0.95848822947336,0.956408429059457
"2",3,1.0229070318971,1.00463551647377
"3",4,1.04611506146243,1.01216994842207
"4",5,1.04378828676536,1.02700549076147
"5",6,1.0127273747702,1.03070954757886
"6",7,1.0371352714695,1.02373675651496
"7",8,1.03804458397935,1.06582855415713
"8",9,1.02113323665904,1.0575722913944
"9",10,1.02669652281372,1.0748480932392
"10",11,1.03164184602109,1.09505697601422
"11",12,1.03866065517945,1.11633195472993
"12",13,1.06739370358667,1.11414856180108
"13",14,1.05082505208493,1.0825166564799
"14",15,1.03274015198061,1.11593647169868
"15",16,1.04260415959617,1.10836048064136
"16",17,1.04653253276018,1.14600679304147
"17",18,1.05164321945863,1.14317224766499
"18",19,1.0423887838521,1.14442267721761
"19",20,1.06942052267504,1.22042764582236
