"","time","MRA","LR"
"1",2,0.98632289794799,0.979830758917018
"2",3,1.03344918242812,1.04661726472723
"3",4,1.03718183871172,1.09114162939328
"4",5,1.02750187540652,1.07260744310837
"5",6,1.02976180834874,1.08025097772053
"6",7,1.02969920199832,1.09393075111119
"7",8,1.03493294466671,1.09153849161743
"8",9,1.04914285307302,1.0894333042253
"9",10,1.0518894879187,1.13428087388222
"10",11,1.0560819129163,1.09798563393068
"11",12,1.02151568544575,1.12014711760669
"12",13,1.02143456769257,1.13879975536694
"13",14,1.01563879488718,1.11593000291471
"14",15,1.01029748075108,1.13495855714148
"15",16,1.03223225608135,1.13895397628756
"16",17,1.03774586205475,1.11934590088701
"17",18,1.03300147264322,1.16601638709113
"18",19,0.990828549055616,1.10475828731664
"19",20,1.02539163753288,1.161784511373
