"","time","MRA","LR"
"1",2,0.981331457296098,1.00668242414494
"2",3,0.993749405260453,1.0090828894293
"3",4,1.01286153199729,1.03907860099516
"4",5,1.01368103524167,1.05690867008245
"5",6,1.02041814308205,1.07399074046466
"6",7,0.989202921959855,1.08511215829944
"7",8,0.972984064579205,1.07616495663169
"8",9,0.999789305176468,1.08771396706549
"9",10,1.01197743841547,1.06780733120612
"10",11,0.998599583384787,1.06897235010293
"11",12,0.979733743401146,1.02303149376605
"12",13,1.00570102647096,1.03724122092922
"13",14,1.01978902528239,1.09563249745057
"14",15,1.0352216745546,1.16442599369182
"15",16,1.05684995891247,1.18245013957821
"16",17,1.02743578258334,1.18456695625334
"17",18,1.03941446312195,1.20175807275581
"18",19,1.02925554235992,1.15263004333382
"19",20,1.01788412065571,1.17889990580432
