"","time","MRA","LR"
"1",2,1.01040355705885,1.02110765975999
"2",3,1.00695629910455,1.04998982117387
"3",4,1.0066042540541,1.0344328725377
"4",5,1.00910460401347,1.03648503119742
"5",6,0.986916447138716,1.04015907103917
"6",7,0.993716983304164,1.03770062760198
"7",8,1.00989207618453,1.01638892059893
"8",9,1.00926074744639,1.02353084980816
"9",10,1.05095301389035,1.07367303324417
"10",11,1.02319588566118,1.05226759361826
"11",12,1.04859712099374,1.09067561358091
"12",13,1.05856211192599,1.11051039722702
"13",14,1.05638015936023,1.12863008880232
"14",15,1.04912203152391,1.10790445004855
"15",16,1.02035489380422,1.08895837411213
"16",17,1.03987331389976,1.15465026526402
"17",18,1.06072863472651,1.21995794967329
"18",19,1.05062977826415,1.15403547389058
"19",20,1.04741529563898,1.14810010000405
