"","time","MRA","LR"
"1",2,0.991051152741423,0.987076629718734
"2",3,1.00798451325542,0.966018678758015
"3",4,1.01056710567391,0.978225779543295
"4",5,1.02151144288523,1.00381951776219
"5",6,1.00217754796922,1.01265517996554
"6",7,1.00099116508596,1.00648287304373
"7",8,1.01727965451855,1.07207982353732
"8",9,1.02237241164833,1.08781662152881
"9",10,1.04499167415118,1.0797487954206
"10",11,1.03977754904899,1.11762634375134
"11",12,1.02840512853584,1.13246175378254
"12",13,1.01909466963476,1.11218998100254
"13",14,1.0333117227117,1.1689779097198
"14",15,1.04223709250297,1.16177700255711
"15",16,1.03439265787182,1.14454404493827
"16",17,1.05174384810046,1.14359632447009
"17",18,1.03886599862763,1.10685118507419
"18",19,1.03452757436057,1.08511870593654
"19",20,1.0289956220657,1.09991241244197
