"","time","MRA","LR"
"1",2,1.00185338818423,1.00661888909117
"2",3,1.00943748833073,0.99263197253904
"3",4,1.01047485976342,0.994900252149188
"4",5,1.02833525732994,1.03740052780466
"5",6,1.03363667385501,1.0543226271303
"6",7,1.00711355867369,1.01940590751926
"7",8,1.0207724937028,1.01582314338537
"8",9,1.0269593872564,1.0538686534199
"9",10,1.03142046895797,1.07559168297581
"10",11,1.04845671605471,1.14664333506435
"11",12,1.03278792992228,1.08156660966103
"12",13,1.03741784059311,1.06145114570438
"13",14,1.04478931567808,1.07520437637091
"14",15,1.06236754308886,1.07798323980082
"15",16,1.04924370652171,1.09059201700271
"16",17,1.05696704631747,1.10643750394635
"17",18,1.06173815875869,1.12936332706706
"18",19,1.05022365380989,1.1296139336393
"19",20,1.03971520151445,1.14618764921626
