"","time","MRA","LR"
"1",2,0.989525116975714,1.02191503282181
"2",3,1.00097359931868,1.03834145894541
"3",4,1.01249405491784,1.05145516888558
"4",5,0.99825625652612,1.01784202069802
"5",6,1.00554129826204,1.02202345039381
"6",7,1.00470581925263,1.04067161953683
"7",8,1.01959270679923,1.07127030230558
"8",9,1.00673262595265,1.0834862348223
"9",10,0.973147008473173,1.0872850976924
"10",11,0.984310988237663,1.065117621571
"11",12,1.01602650943545,1.11135758335591
"12",13,1.01795461318782,1.08999137368708
"13",14,1.03385765425841,1.10749253334342
"14",15,1.0079323852896,1.05355655184318
"15",16,1.00698982390077,1.03246498538477
"16",17,1.02058299472234,1.02113837668672
"17",18,1.0154064339395,1.05189361575653
"18",19,1.03333134760426,1.08213430284776
"19",20,1.03614898096121,1.12003443680475
