"","time","MRA","LR"
"1",2,0.990488370296663,0.99174510386857
"2",3,0.993783546394711,1.00379339680708
"3",4,1.00276293725063,1.0017065842848
"4",5,1.00282528112093,0.985671609203949
"5",6,1.01418106839185,1.02139626491753
"6",7,1.04677456872256,1.06545932549141
"7",8,1.02063341696121,1.01832079772185
"8",9,1.02946346153852,1.04323659530528
"9",10,1.03011102069578,1.02765798553657
"10",11,1.05174343823751,1.06051296109259
"11",12,1.01919696367121,1.05359195422361
"12",13,1.00881417219288,1.06349743436118
"13",14,1.01672966970568,1.08632755059137
"14",15,1.02172392616011,1.12421670992685
"15",16,1.02242274453965,1.11389069477777
"16",17,1.03191424897677,1.1147145608422
"17",18,1.04229079174837,1.09612273471024
"18",19,1.06419047540756,1.1194489609881
"19",20,1.07185627867094,1.14395424365351
