"","time","MRA","LR"
"1",2,0.984584091326714,0.996050733175147
"2",3,0.981062515528398,0.981022573362864
"3",4,0.997692581213495,1.00311862528869
"4",5,1.01045272491871,1.04745799228184
"5",6,1.02731577437113,1.07019822836248
"6",7,1.00936818606549,1.07719212112231
"7",8,1.02711632051571,1.08812347503685
"8",9,1.03490321529187,1.12583324653109
"9",10,1.02386558127589,1.12876461879806
"10",11,1.00334780795204,1.08056108477429
"11",12,0.998197952536069,1.05131769316624
"12",13,1.02004518609158,1.08461669080439
"13",14,1.02769336058152,1.12872605845774
"14",15,1.02495127566262,1.12271979763118
"15",16,1.02663028597239,1.08846084057992
"16",17,1.01141969922095,1.0450116995041
"17",18,1.03144318129531,1.08617348773906
"18",19,1.02048378426831,1.11979560215849
"19",20,1.02120625691687,1.10202567333111
