"","time","MRA","LR"
"1",2,0.989975002967468,1.02223965335667
"2",3,0.977432661043316,0.987944177073308
"3",4,1.0175951470676,0.980063786055382
"4",5,1.00789247560439,1.00366092071066
"5",6,0.988157923143745,1.00367251518302
"6",7,1.02470621545029,1.01770021761113
"7",8,1.03720155959601,1.01436636630463
"8",9,1.03443534812706,1.04682143342817
"9",10,1.02096756912331,1.06676822310385
"10",11,1.03602270915837,1.07350899704899
"11",12,1.02623316693633,1.033207730007
"12",13,1.03096685552046,1.06108660773782
"13",14,1.05935745480675,1.11025514809809
"14",15,1.03928617840014,1.07877120228635
"15",16,1.03690272902954,1.09882238191208
"16",17,1.03250908554577,1.0965855794192
"17",18,1.0407567650599,1.12762217670735
"18",19,1.0467528686826,1.14922903907112
"19",20,1.04810374217027,1.17625674214636
