"","time","MRA","LR"
"1",2,1.0197001039217,0.992468798768628
"2",3,1.02649624709125,0.984476623527347
"3",4,1.03490808349073,1.01200860563371
"4",5,1.01562878601677,1.01312878755826
"5",6,1.03036696144991,1.0211411862645
"6",7,1.00920154933239,1.02301650189057
"7",8,1.03752825618441,1.07256982408144
"8",9,1.03927238513677,1.07443921717902
"9",10,1.0589358657158,1.10131156917285
"10",11,1.06166255991825,1.14930063504016
"11",12,1.05123294162191,1.15716935478353
"12",13,1.03838977198447,1.15260577089422
"13",14,1.02779441949268,1.12899876919815
"14",15,1.05679323980228,1.14666916402512
"15",16,1.03715461394765,1.11521453311553
"16",17,1.04353601938869,1.10810964329735
"17",18,1.05344094844675,1.09741716143502
"18",19,1.06663149755688,1.10401699389534
"19",20,1.08672990783633,1.12756654906245
