"","time","MRA","LR"
"1",1,0,0
"2",2,136.266406195756,515.695478586156
"3",3,72.3191077139702,532.437919576789
"4",4,76.3386928583719,610.455673397148
"5",5,79.1052231524427,597.05273558961
"6",6,91.3873145862916,673.226417962858
"7",7,107.797903777401,707.883357104408
"8",8,128.966370852976,776.805530751832
"9",9,125.1327509944,834.984216231035
"10",10,107.788652539153,912.973708912861
"11",11,109.689997301256,940.126485251259
"12",12,120.564022137654,933.827096727951
"13",13,134.944076782935,1044.16608738538
"14",14,145.70934531901,1018.57025412669
"15",15,118.006286998845,912.449788182789
"16",16,124.52754967071,1037.0719993841
"17",17,118.943093849411,975.072820351331
"18",18,114.496774509748,1042.1887617823
"19",19,106.592837788791,1094.64523706814
"20",20,140.49060091011,945.917528986933
