"","time","MRA","LR"
"1",1,0,0
"2",2,116.856442350923,460.46204068291
"3",3,79.2198525325662,506.937910412685
"4",4,74.5967016748521,569.862401825799
"5",5,80.5762993844203,655.174602788954
"6",6,92.5863112246759,726.982506817062
"7",7,96.8218554842838,735.046020918467
"8",8,106.589188802822,765.287401659873
"9",9,106.05262871968,791.103849250516
"10",10,103.388141801353,755.59590113026
"11",11,105.153434006842,669.367155450474
"12",12,116.670707002092,700.189662120818
"13",13,131.640133722091,741.792346274761
"14",14,127.121488438606,801.42812487507
"15",15,112.83077805386,852.815299145748
"16",16,104.01776340061,945.49310181712
"17",17,140.029542273498,1106.01070273086
"18",18,126.029155607292,1040.17906445789
"19",19,143.106693156509,1116.93770939465
"20",20,117.057303949837,1174.90444078788
