"","time","MRA","LR"
"1",1,0,0
"2",2,151.098383522471,506.130156038417
"3",3,97.3586690032162,682.824141489461
"4",4,107.84319269835,876.865554131821
"5",5,99.2930819765754,809.707044996816
"6",6,99.4517342991002,815.823812021837
"7",7,98.8102025203193,755.444880642542
"8",8,99.8802832064234,754.552991984596
"9",9,86.4279216792634,812.83787987395
"10",10,128.788868697266,855.909443565335
"11",11,115.164505951683,994.391999140994
"12",12,103.305356145246,1179.1659201298
"13",13,112.424227176055,1050.39129948498
"14",14,124.858854877379,985.522313670112
"15",15,120.006225879879,856.675214694156
"16",16,107.118450296061,791.963411725434
"17",17,125.447983849327,775.817467403493
"18",18,123.991169206238,962.52338817632
"19",19,142.959425796575,955.198498715764
"20",20,155.931577820285,877.181540025134
