"","time","MRA","LR"
"1",1,0,0
"2",2,156.214921420807,554.788147139074
"3",3,94.6099505736642,523.507831385454
"4",4,72.4762235980027,562.901772353523
"5",5,77.7351763394629,659.043451412076
"6",6,106.541550473537,809.624784983062
"7",7,114.15882578283,782.484194455152
"8",8,112.571345181326,873.80304672721
"9",9,110.374341775843,784.810517185217
"10",10,90.0903173420025,769.340584289511
"11",11,94.8767065640142,781.179701301615
"12",12,121.135111798157,853.019321646651
"13",13,121.911071604,891.737053476576
"14",14,115.449766754368,873.599275732781
"15",15,97.668230914179,925.44303668143
"16",16,108.582328978582,926.285541141627
"17",17,112.798440428603,915.176955093492
"18",18,106.379796383026,862.522077364327
"19",19,123.451100015607,1095.0326742424
"20",20,134.115317428897,1166.94414508527
