"","time","MRA","LR"
"1",1,0,0
"2",2,138.056470504489,525.194117627567
"3",3,99.0409589657424,570.639645576425
"4",4,107.270142269605,693.004229850853
"5",5,93.342640841877,847.339529351264
"6",6,99.6001941314634,963.343210832953
"7",7,95.8667611388041,862.341082725222
"8",8,110.328888187888,1054.52075212645
"9",9,106.631329314617,1036.11575389762
"10",10,109.740296264365,1181.19265960905
"11",11,128.28218357873,1067.86350006314
"12",12,108.430177496309,1067.38030869771
"13",13,120.675974058173,947.781367933746
"14",14,124.690598589232,884.956933966045
"15",15,114.267691354771,889.990019943795
"16",16,117.987056096345,996.754218307412
"17",17,103.350637490343,1052.04279432853
"18",18,132.602575495106,1019.0393069521
"19",19,109.94003956413,973.559590227535
"20",20,131.234977888564,1080.63964951275
