"","time","MRA","LR"
"1",1,0,0
"2",2,129.090797322184,467.779994259272
"3",3,102.750072028552,549.718449607522
"4",4,97.1455022295243,732.577035076896
"5",5,81.7996364587794,766.272999551315
"6",6,78.3871159701654,777.838705023064
"7",7,111.698715855641,842.540160800348
"8",8,129.219214696983,864.326313058853
"9",9,116.213119090348,868.539289293893
"10",10,123.723200014935,992.174545470122
"11",11,109.552641203138,1148.01778138669
"12",12,119.41210743791,1011.18961660454
"13",13,128.470411360622,971.536062752728
"14",14,143.982121326492,1095.06742619763
"15",15,148.17203323115,1141.13694411696
"16",16,156.308636269019,1152.43776854673
"17",17,140.069509442423,1209.91045629431
"18",18,123.478672816193,1376.87252502553
"19",19,99.9803862070601,1153.70393682314
"20",20,105.384288033511,1028.44892621298
