"","time","MRA","LR"
"1",1,0,0
"2",2,147.445530692442,558.704174979333
"3",3,77.7434393001508,541.368152854834
"4",4,95.6929147137172,608.530498898491
"5",5,105.38469273149,672.866473979767
"6",6,109.835343507659,675.80482316765
"7",7,127.242665261268,643.351032558603
"8",8,118.531795238463,771.224157583795
"9",9,120.216009732824,869.682087499878
"10",10,106.785078218517,946.175486339652
"11",11,111.298070600666,859.927814026313
"12",12,100.75569961254,854.16189946012
"13",13,129.014596510317,890.495016961696
"14",14,133.351821625603,933.558133291748
"15",15,130.318775037429,919.185010183808
"16",16,133.576881563156,928.664662108808
"17",17,113.018867690883,1036.1720806411
"18",18,111.998717554558,1060.97349897806
"19",19,126.313962792892,1055.28050072019
"20",20,126.035726951398,967.580701992636
