"","time","MRA","LR"
"1",1,0,0
"2",2,139.102536257177,455.880104374431
"3",3,72.0569594293215,457.439364096607
"4",4,57.520182274553,488.870513225945
"5",5,82.5675796798874,562.137488214252
"6",6,78.9236488756641,525.405528530605
"7",7,90.0236286522806,764.292195283664
"8",8,88.1251645714377,921.058927773065
"9",9,93.8385597093919,756.574645154967
"10",10,99.8583747011626,808.916807825689
"11",11,121.346181035633,839.13859349944
"12",12,120.313503880428,974.754566044281
"13",13,121.232517852381,1076.89513887842
"14",14,134.975468508119,1134.38795794579
"15",15,142.695392209273,1162.52747806646
"16",16,122.606845684741,1072.47507704024
"17",17,129.699640466041,885.797176402612
"18",18,102.006575509967,936.261248454538
"19",19,104.565058742112,983.431002791375
"20",20,120.216076400074,1036.90524149592
