"","time","MRA","LR"
"1",1,0,0
"2",2,133.114514117213,459.14837071181
"3",3,72.9864075426416,482.455213199834
"4",4,83.45960301641,563.789314084129
"5",5,108.131111394129,621.362186550036
"6",6,144.828271046339,717.643325782383
"7",7,107.669007687036,765.865061105451
"8",8,96.6693758721987,854.194831240681
"9",9,144.312560804382,933.568308839701
"10",10,154.687721931022,985.068690704515
"11",11,149.145851474853,988.587207277735
"12",12,132.829482691638,1053.68362712219
"13",13,147.185262923701,1014.90233242812
"14",14,129.998201929212,1059.64998654263
"15",15,137.498916885586,1068.98480256974
"16",16,118.199801557512,1165.37956698532
"17",17,127.424116684132,1172.73879530227
"18",18,106.961799286211,1269.90257509058
"19",19,131.82283819862,1266.25043297452
"20",20,133.174194828105,1258.1553575298
