"","time","MRA","LR"
"1",1,0,0
"2",2,110.79940982431,472.888070229756
"3",3,79.6792798451967,568.324778771801
"4",4,68.9693745160323,654.770188659373
"5",5,91.501286261831,704.180575620329
"6",6,103.991852529749,851.996619793248
"7",7,121.731954281834,890.97839422061
"8",8,126.232577521298,1099.72545880878
"9",9,108.625025730082,1000.35516901594
"10",10,110.766960043163,942.158685842431
"11",11,105.057989441938,946.903700599852
"12",12,94.8303058789229,834.436350016185
"13",13,90.1618915763127,855.795160977813
"14",14,109.933161433708,842.762752352246
"15",15,113.925214806674,834.740697845371
"16",16,123.791031680315,901.582720250783
"17",17,93.5316529540335,810.314666501378
"18",18,118.130379768259,851.37732595359
"19",19,119.706218535603,1197.7890549542
"20",20,105.450138627538,947.994275997835
