"","time","MRA","LR"
"1",1,0,0
"2",2,133.197368273602,509.337951608015
"3",3,94.8468163017768,572.057026174403
"4",4,108.288582299192,740.037452877616
"5",5,114.169996254866,677.836768595283
"6",6,110.572176464525,726.580897915199
"7",7,115.203241712502,719.320986860608
"8",8,120.128046526844,721.624390698204
"9",9,118.242493188519,914.850841601543
"10",10,117.383664159847,956.028165380194
"11",11,122.649204132212,1027.48062108988
"12",12,130.701378849526,1086.07612530053
"13",13,126.169563309035,878.868258007916
"14",14,147.599946897422,1049.28091101794
"15",15,165.590441875988,1242.2499934376
"16",16,149.575544902214,1109.22313526094
"17",17,167.62829948858,1165.70676340374
"18",18,176.816695675375,1162.48259434227
"19",19,176.635888402751,1363.64731284263
"20",20,170.968412428172,1222.51437685512
