"","time","MRA","LR"
"1",1,0,0
"2",2,132.619292986134,452.045160669021
"3",3,94.9037950395731,478.538716768085
"4",4,89.2102454221783,551.122711885707
"5",5,80.9356843462963,669.399100340269
"6",6,96.3730468908146,675.486182538058
"7",7,114.364349855241,800.264140584674
"8",8,138.251214373192,841.144990756414
"9",9,127.189008954595,754.108929711424
"10",10,120.210253070617,777.972869416348
"11",11,114.317474227632,895.454390262771
"12",12,140.167478457309,952.757917167069
"13",13,122.495621063538,984.203833597597
"14",14,128.7017783675,1009.08274142352
"15",15,113.127986920504,882.574872503306
"16",16,108.603870200376,926.499041264153
"17",17,161.631653190111,1043.14918730422
"18",18,123.170474052107,957.830481174003
"19",19,115.136021703319,1066.66539489601
"20",20,122.262972044873,1319.751012724
