"","time","MRA","LR"
"1",1,0,0
"2",2,137.942823857421,496.919760020553
"3",3,83.7384439228493,590.845841442577
"4",4,84.1398671917066,703.320599682508
"5",5,75.5737582487694,665.516504292989
"6",6,97.1898234238184,712.153389561816
"7",7,97.2051002134979,797.575609938063
"8",8,93.7707392949566,791.952790303125
"9",9,114.189644225639,864.082673456609
"10",10,99.351451176808,952.987383019229
"11",11,105.720278936839,1010.16160489396
"12",12,97.2319022895581,1064.81956037243
"13",13,112.752977272288,1008.76344579697
"14",14,128.499931250462,1120.37540149043
"15",15,125.942809624071,1249.2571665175
"16",16,122.882987275675,1164.43740712263
"17",17,136.18623589051,1189.04496775662
"18",18,160.055510227377,1040.83430135105
"19",19,129.979014580812,1016.82626979304
"20",20,128.902131076739,926.919537370599
