"","time","MRA","LR"
"1",1,0,0
"2",2,140.771687768399,528.818299310598
"3",3,81.0292464540017,596.05994161943
"4",4,108.337858449165,684.618243754457
"5",5,124.125910569184,827.293728335053
"6",6,110.120872416477,836.950861416093
"7",7,129.772228199116,845.246802229516
"8",8,117.001869124631,943.14646185261
"9",9,113.097687168673,880.616024587922
"10",10,114.007083357208,801.097038874272
"11",11,105.935603445959,843.881373938971
"12",12,126.222334130433,860.451534662856
"13",13,118.660505112522,1036.29309951745
"14",14,138.322397880639,988.869674482435
"15",15,134.349783369753,1036.21392835938
"16",16,134.054452800343,1168.30157209011
"17",17,133.76876898898,1078.89034094976
"18",18,129.216794984748,1010.0682537511
"19",19,149.705731815576,1144.429757787
"20",20,144.640938237022,1160.52566762333
