"","time","MRA","LR"
"1",1,0,0
"2",2,128.829996627026,477.755249180504
"3",3,92.1933981854854,549.405458170922
"4",4,92.5626276976058,609.997834246729
"5",5,94.1371982221239,674.266988656252
"6",6,109.234617846261,794.85760197927
"7",7,123.951323823425,911.724686191627
"8",8,125.123239748942,906.905390615745
"9",9,127.754954752472,927.543757996295
"10",10,107.244801616302,949.347025227586
"11",11,128.306909969961,904.258286966824
"12",12,135.935376521467,941.725241861275
"13",13,115.986606475046,772.225145729773
"14",14,133.623714734063,821.507028943192
"15",15,147.578558202688,804.545980510886
"16",16,161.646644005523,932.492747374515
"17",17,140.381966378765,946.1353412042
"18",18,158.929128988253,979.441431105835
"19",19,153.104023173619,937.901056863686
"20",20,150.937962662519,913.236158900234
