"","time","MRA","LR"
"1",1,0,0
"2",2,135.823214928943,485.014472915541
"3",3,83.2316697949847,507.023060544791
"4",4,101.311941095339,651.567162356229
"5",5,103.996378196072,717.17295675663
"6",6,118.665123308157,931.009554592603
"7",7,114.343821204501,986.631231989778
"8",8,107.594055258282,1028.53894883823
"9",9,116.743717130822,1043.76080686071
"10",10,124.649897338152,1068.42817762584
"11",11,131.168229687423,1205.4768940275
"12",12,132.317438420643,1145.13606114926
"13",13,148.33083155425,1117.13058633383
"14",14,121.581644098874,1059.8579950686
"15",15,123.265593119755,1172.65483882939
"16",16,113.949100776505,1296.53793536091
"17",17,112.318083414917,1325.94386389033
"18",18,119.931904874401,1363.23571362071
"19",19,95.1798695579113,1124.66606516833
"20",20,118.054810810633,1078.78285883249
