"","time","MRA","LR"
"1",1,0,0
"2",2,125.435599432489,488.509351610413
"3",3,85.6272042510183,542.157529737601
"4",4,81.288478233914,684.41941838435
"5",5,82.1761414934884,729.950652828462
"6",6,96.2046082007477,707.134066329723
"7",7,91.169283461665,816.913235217853
"8",8,103.491437114324,863.643227204108
"9",9,119.288351237581,873.072147183215
"10",10,101.182002288022,1067.95830135439
"11",11,122.252243514462,1081.36190434766
"12",12,133.37917556672,1017.38000276983
"13",13,138.75899409809,1274.05896483303
"14",14,127.427348788959,1201.93182007525
"15",15,105.106322555828,1236.19836005577
"16",16,104.168360992911,1286.29270931339
"17",17,115.250614428741,1252.73779358869
"18",18,100.176752244478,972.642690696402
"19",19,105.314795517194,949.232058591295
"20",20,114.000227951202,1023.0428512733
