"","time","MRA","LR"
"1",1,0,0
"2",2,140.913576784387,485.770148580787
"3",3,80.8751894241962,531.005635007457
"4",4,107.993789346591,628.637612211404
"5",5,97.6391341197306,748.145558203621
"6",6,98.310292349774,772.125212382395
"7",7,111.725211264492,943.077037471447
"8",8,121.494842962937,909.763244051628
"9",9,120.361895586448,868.62983268034
"10",10,147.965602993182,1106.75274473374
"11",11,120.852406293119,1145.38259778007
"12",12,110.814547629577,988.392775656918
"13",13,131.216959543411,999.005085397482
"14",14,134.354981921088,1011.78877196881
"15",15,130.615176897333,1046.79877611168
"16",16,134.290600494794,965.279204975479
"17",17,123.348587813869,1085.25939527872
"18",18,132.168126014737,1011.17045916336
"19",19,131.957808510425,1052.40326037332
"20",20,149.135064076634,1121.16041413154
