"","time","MRA","LR"
"1",1,0,0
"2",2,122.780950579725,489.419977783933
"3",3,103.042973872428,610.023072387502
"4",4,94.3183567129578,671.091616475206
"5",5,79.3129764126666,860.937619785519
"6",6,93.8939284030979,971.035079845977
"7",7,137.695317950213,926.404893496731
"8",8,104.001403241241,798.298076962736
"9",9,100.020308316916,871.772213956388
"10",10,118.633345059421,977.568983012599
"11",11,150.116817319047,1046.99482921759
"12",12,108.338095476862,873.731366617249
"13",13,147.507456804709,877.665728142498
"14",14,117.758711835877,908.536432328336
"15",15,118.816128460668,881.928768057584
"16",16,136.281240835386,936.853934601367
"17",17,156.830617028839,963.540453275564
"18",18,169.764255679438,1062.55448854187
"19",19,170.033378483761,1123.15993574681
"20",20,143.724068911679,1111.48974964744
