"","time","MRA","LR"
"1",1,0,0
"2",2,121.818293501467,485.315524107794
"3",3,78.2320413096805,666.880197068059
"4",4,95.7243460290922,683.904001916502
"5",5,94.5204500830135,852.490140019183
"6",6,98.2787725829683,784.340750043452
"7",7,111.636697800477,778.353734608147
"8",8,120.888017698913,733.90062552538
"9",9,119.556271472643,834.303591792062
"10",10,136.68517162327,949.925932803827
"11",11,154.318633831924,1030.64954047067
"12",12,167.974054733371,1101.739962283
"13",13,156.757539510266,1041.74876400771
"14",14,160.37428512389,1118.00854712235
"15",15,161.048357999651,1137.5287187961
"16",16,157.99094859171,1016.05975154051
"17",17,161.056925719269,1070.30097935616
"18",18,164.194277341694,1041.73112170445
"19",19,124.584310794413,1025.7195589261
"20",20,134.542145053154,1024.26630223191
