"","time","MRA","LR"
"1",1,0,0
"2",2,138.360504334567,462.296166646388
"3",3,76.1312632097549,467.2873481229
"4",4,93.3427913980374,627.070624775016
"5",5,94.8529754161718,829.93262735035
"6",6,87.3827330324781,925.4324466086
"7",7,99.7954634078826,941.297297191853
"8",8,92.3439708144941,911.070556205122
"9",9,107.372014635403,832.848855871645
"10",10,127.531795657541,963.678562825914
"11",11,118.033567717333,1086.3868619887
"12",12,126.850852447803,1031.96833180471
"13",13,111.227996201953,1083.3322252425
"14",14,101.634060782033,1049.9579680219
"15",15,118.300522497355,1148.66432940903
"16",16,122.716978507265,1158.89660291026
"17",17,141.403522360203,1159.75691515466
"18",18,154.374535894045,1076.72330537138
"19",19,168.844684244858,956.646955376272
"20",20,142.232877654422,1001.5495764578
