"","time","MRA","LR"
"1",1,0,0
"2",2,125.115857694361,446.169671837194
"3",3,87.1725987252221,497.776418022867
"4",4,86.564018655612,681.890263064034
"5",5,102.469433652882,735.293414569687
"6",6,99.0592617954303,909.995139605138
"7",7,99.9235665469884,811.2085641014
"8",8,130.246660131222,996.275890394464
"9",9,126.440767943394,939.780655361133
"10",10,134.296861836492,1019.85511655
"11",11,126.095955081664,1043.35166132465
"12",12,135.520788950498,1240.59648747795
"13",13,140.600478930575,1032.65702020956
"14",14,100.137151338722,832.873598227058
"15",15,95.9856063798493,1005.7391516862
"16",16,108.242441409156,997.193139591808
"17",17,133.081679178096,1087.29244943135
"18",18,100.256950507027,1167.11304141895
"19",19,98.013871237163,1114.35185904346
"20",20,127.30303673886,1036.68011817342
