"","time","MRA","LR"
"1",2,1.01896670138147,1.08527303788625
"2",3,1.01627223372166,1.05706566618073
"3",4,1.04444572600585,1.12905908509266
"4",5,1.0503705143873,1.21782851268458
"5",6,1.00565560431879,1.08140938632779
"6",7,1.02805809653295,1.20063593567345
"7",8,1.03431104115321,1.18057065567009
"8",9,1.03307262390326,1.18463966221633
"9",10,1.03858818497932,1.22894435508157
"10",11,1.0562094128643,1.18283663221391
"11",12,1.0668871626912,1.2088741095859
"12",13,1.03041619543181,1.15573000269422
"13",14,1.01133801791028,1.16481165874919
"14",15,1.0499884058971,1.24959391140445
"15",16,1.01908872968706,1.29801735547077
"16",17,1.01784181840075,1.24994823023394
"17",18,1.02120644599918,1.28035526752637
"18",19,1.01858724838599,1.30150709453489
"19",20,1.03193798960343,1.23946583570976
