"","time","MRA","LR"
"1",2,0.974180427409567,1.02991902557124
"2",3,1.01015384212222,1.07382588243244
"3",4,1.02427943639088,1.1399322234161
"4",5,1.00918926581335,1.10179806856409
"5",6,1.02569469036505,1.05765715271374
"6",7,1.04883303902567,1.09327580484062
"7",8,1.02879298246338,1.14471435975123
"8",9,1.02249103610799,1.13914019934773
"9",10,1.04135280393732,1.18740726135104
"10",11,1.03591721620336,1.11614363319802
"11",12,1.05730697241566,1.18470410975706
"12",13,1.06335124239084,1.17227505931365
"13",14,1.03805297440345,1.17220728618681
"14",15,1.04455591550214,1.21873363453342
"15",16,1.02693255848637,1.29198489107155
"16",17,1.05326266447601,1.26016021790445
"17",18,1.0412031314697,1.27961922760042
"18",19,1.05523760953187,1.36540296488193
"19",20,1.059130322474,1.34004479948431
