"","time","MRA","LR"
"1",2,1.0241292669331,1.02175862886046
"2",3,1.00431044309157,1.00965884062802
"3",4,1.02224085161493,1.05874261837129
"4",5,1.02438013404428,1.08269536063187
"5",6,1.01744330419127,1.07542854713238
"6",7,1.00555491840134,1.13709631634049
"7",8,1.04920276803967,1.16430913925081
"8",9,0.996783337661354,1.11256000794139
"9",10,1.03867203346797,1.11679674997966
"10",11,1.02242189053893,1.09921800700985
"11",12,1.02972211691018,1.17527346544477
"12",13,1.04259388086731,1.24176109905609
"13",14,1.05987141629114,1.30811615645512
"14",15,1.05562328225684,1.27131518198911
"15",16,1.03409182208845,1.20063061916131
"16",17,1.02451252619973,1.21854099046157
"17",18,1.00102086062353,1.14732597231032
"18",19,1.02617932809982,1.26901511685889
"19",20,1.02192286440777,1.2683665037704
