"","time","MRA","LR"
"1",2,0.983037485416453,1.00850288938175
"2",3,1.03366526128938,1.0420829587817
"3",4,1.03712862683734,1.10840110077255
"4",5,1.01206563837739,1.0747091325797
"5",6,1.04726040350441,1.07447595643103
"6",7,1.03843255213025,1.09738316355923
"7",8,1.05081482550009,1.13596303675331
"8",9,1.02121285970888,1.14521461693482
"9",10,1.05441847051465,1.28697266634493
"10",11,1.04215140279839,1.18810519975734
"11",12,1.05909051187212,1.26729598256167
"12",13,1.02730109582378,1.27090523097353
"13",14,1.04435794631046,1.20480149079675
"14",15,1.0298034626158,1.27348415402982
"15",16,1.03936468046023,1.316508944616
"16",17,1.02880131196062,1.33278180954614
"17",18,1.03376773395291,1.36442378506529
"18",19,0.999828956513911,1.32714715160589
"19",20,1.02199144075874,1.40115139184354
