"","time","MRA","LR"
"1",2,0.976822220388034,0.984920478856242
"2",3,1.01462953243928,1.05835951312542
"3",4,1.01454127331866,1.13222329833119
"4",5,1.01067070439895,1.13169291254813
"5",6,1.00365484985361,1.16078670080646
"6",7,1.02264242153987,1.16600935114931
"7",8,0.977500734678395,1.16748390954219
"8",9,1.01651839005233,1.15022516226178
"9",10,1.03416895727001,1.23085393779063
"10",11,1.01640533089234,1.2356813491848
"11",12,0.996968026228035,1.16963512800748
"12",13,1.01634191740402,1.19295042825183
"13",14,1.02963077008118,1.20106342020996
"14",15,1.02605286611582,1.14845072818263
"15",16,1.01806886351521,1.15673442170515
"16",17,1.04926142494204,1.14815827471493
"17",18,1.03649437942939,1.21343624462242
"18",19,1.0015117975316,1.20969301730817
"19",20,1.04238335112277,1.19768411329969
