"","time","MRA","LR"
"1",2,1.00895840801388,1.05353321770733
"2",3,1.01838186038311,1.09925645897619
"3",4,1.03020620064615,1.12969513955632
"4",5,1.02325255469826,1.1369548297796
"5",6,1.03049031921661,1.18378798616041
"6",7,1.03761785947872,1.16975372718931
"7",8,1.05121443897182,1.23536585308415
"8",9,1.04255376487091,1.22767639729321
"9",10,1.02532709302666,1.18838594705113
"10",11,1.0278162120556,1.18850886589972
"11",12,1.02071868416852,1.15956294920216
"12",13,1.04905767850008,1.16960385196112
"13",14,1.04186151087483,1.15223375202788
"14",15,1.03639129722469,1.16789802753419
"15",16,1.03774820299851,1.18151492649465
"16",17,1.04828172220364,1.12877176847719
"17",18,1.05783458244367,1.19175318665076
"18",19,1.04944635526145,1.08871066914175
"19",20,1.0088762406702,1.10561478498974
