"","time","MRA","LR"
"1",2,0.970915185926132,0.993589160978628
"2",3,1.00402979056827,1.03929623304326
"3",4,1.018155690945,1.10778611996989
"4",5,1.04037467622736,1.14946594495645
"5",6,1.03347704668553,1.10572223733113
"6",7,1.03360609430461,1.06971554517269
"7",8,1.02282137576243,1.12104716822637
"8",9,1.0105923936232,1.09811720222761
"9",10,0.998494529288308,1.17311604951771
"10",11,1.09390151325476,1.29746448361527
"11",12,1.01955745322749,1.21843774314947
"12",13,1.02513508725656,1.24140364107685
"13",14,1.01938259777459,1.2773989855265
"14",15,1.04369154294779,1.32465399758909
"15",16,1.07273755366912,1.40648437043788
"16",17,1.04184025451982,1.42323676672923
"17",18,1.03550154288975,1.23921005704002
"18",19,1.05970549299102,1.38808409626699
"19",20,1.06491170787592,1.34368861855791
