"","time","MRA","LR"
"1",2,0.994371996560733,1.12050391085288
"2",3,1.01793192502643,1.04553959690726
"3",4,1.01421802685704,1.08560663242963
"4",5,1.01455263898388,1.09850224546066
"5",6,1.00860006780483,1.06324294026508
"6",7,1.06210265957304,1.08780732944833
"7",8,1.04439860833457,1.21920186068431
"8",9,1.03650746033241,1.20837889786915
"9",10,1.0232852986124,1.14860154795272
"10",11,1.03896247441181,1.12017433552105
"11",12,1.04200570562945,1.12034908015901
"12",13,1.07266588825203,1.13321529173306
"13",14,1.04335672137998,1.18633194883487
"14",15,1.02971562581352,1.16575371925307
"15",16,1.00571045215221,1.16896241844812
"16",17,1.06186467868055,1.25968294242951
"17",18,1.04875698742102,1.25933172335251
"18",19,1.04478985648491,1.20545942277675
"19",20,1.03863540573345,1.25122764441405
