"","time","MRA","LR"
"1",2,0.989876596679619,1.00825837160047
"2",3,1.00165871737499,1.06610716473968
"3",4,1.03656691386693,1.09969141469373
"4",5,1.04156658000722,1.13724779132269
"5",6,1.05465775623668,1.15880441745359
"6",7,1.04308591976857,1.17459475493509
"7",8,1.04050912022004,1.11742558442317
"8",9,1.03520694482003,1.10932565915453
"9",10,1.03132947148459,1.11002438288309
"10",11,1.08118625670465,1.17677375915155
"11",12,1.05768411059347,1.23091298700987
"12",13,1.03284001349534,1.26767418418461
"13",14,1.03680105302476,1.26436393193772
"14",15,1.04050894750946,1.24312982802357
"15",16,1.01570947904092,1.17324327733425
"16",17,1.01397194616335,1.2375675112142
"17",18,1.02544000527763,1.22505838390533
"18",19,1.01156130197935,1.29909283306103
"19",20,1.01648640883946,1.29268560731169
