"","time","MRA","LR"
"1",2,0.966789883377683,1.03413395815201
"2",3,1.00839384456028,1.07771079850393
"3",4,1.01579625125063,1.11149797537336
"4",5,1.00639660546596,1.12529204719513
"5",6,1.00737692002344,1.11218487677925
"6",7,1.05101915342411,1.12216256058325
"7",8,1.03351257062014,1.14570856330009
"8",9,1.01963131579327,1.12025410612076
"9",10,1.03953457613192,1.2253288562756
"10",11,1.03204317314759,1.25168457424699
"11",12,1.00887511026629,1.16429861365285
"12",13,1.03077727375344,1.14312932131874
"13",14,1.04586478543751,1.14602153514711
"14",15,1.03635488025222,1.10374890770354
"15",16,1.0538406601127,1.08882451523113
"16",17,1.04834312846243,1.13403703691626
"17",18,1.03987142267869,1.05550360748714
"18",19,1.04609360200058,1.14797746845743
"19",20,1.05250846546107,1.22444226400486
