"","time","MRA","LR"
"1",2,0.972491975940824,1.01503629553658
"2",3,0.993522217518414,1.00267923155237
"3",4,0.996990797902638,1.05008201177817
"4",5,1.01331851390027,1.08788434169419
"5",6,1.0366077606487,1.1426210434726
"6",7,1.0077379268134,1.15740180565551
"7",8,1.03412704285187,1.27460026099215
"8",9,1.03883040424562,1.2875493070663
"9",10,1.05305114393176,1.24513953087131
"10",11,1.07301436759857,1.23735875248386
"11",12,1.02428008504344,1.19651990246906
"12",13,1.03138526818218,1.24208452589514
"13",14,1.02506107656098,1.25178478211777
"14",15,1.05364981002181,1.24866948516435
"15",16,1.01128038759265,1.30657278263272
"16",17,1.024107334353,1.30017913358362
"17",18,1.00574845105178,1.23559707651236
"18",19,1.01948957296685,1.32778531556976
"19",20,1.02343725421649,1.28939303843528
