"","time","MRA","LR"
"1",2,0.996389524892986,1.03968365268913
"2",3,1.02092021307059,1.03745657006939
"3",4,1.01761439114497,0.987132676794926
"4",5,1.02172823378157,1.1050460510664
"5",6,1.02130000464003,1.01473748998244
"6",7,1.0487886237108,1.0621575335392
"7",8,1.07415467395767,1.15718865432184
"8",9,1.04789140330049,1.14567634539164
"9",10,1.06340645289041,1.13336437654838
"10",11,1.04862874624468,1.19924937432809
"11",12,1.06706941082303,1.27609912710895
"12",13,1.04389080684055,1.22549209777428
"13",14,1.01034013941779,1.22509739641368
"14",15,0.988392830387991,1.18408407035688
"15",16,0.990533381161856,1.25811403675435
"16",17,1.02357433337802,1.29609185775589
"17",18,1.01358113497385,1.25357328012662
"18",19,1.01019130746605,1.1672924524231
"19",20,1.01073900610065,1.15398142361928
