"","time","MRA","LR"
"1",2,1.03184820522187,1.04256111702573
"2",3,1.02685028526487,1.02444723089192
"3",4,1.01739285588383,1.07414395309695
"4",5,1.00555631519026,1.03142242073121
"5",6,1.04860421236582,1.04630047850827
"6",7,1.02965564642822,1.11853909790061
"7",8,1.04395445916483,1.15032185928234
"8",9,1.04506372528115,1.14547514396975
"9",10,1.03728656153785,1.13839306724675
"10",11,1.02742220468795,1.14474632298201
"11",12,1.00758378650236,1.17403607912838
"12",13,1.03994925085585,1.25621307223114
"13",14,1.04438900969066,1.23959625160033
"14",15,1.04224691403346,1.2302209855698
"15",16,1.01801195180388,1.18832364639533
"16",17,1.07245658085393,1.18642362535558
"17",18,1.05447316326128,1.17546301213804
"18",19,1.07480016909847,1.17898964633165
"19",20,1.07568729849803,1.24399449298128
