"","time","MRA","LR"
"1",2,1.00564304749649,1.08612859772326
"2",3,1.01589645929477,1.08732103623525
"3",4,1.01274714114674,1.10767096201374
"4",5,1.01806591028301,1.0612186781129
"5",6,1.00662482291932,1.07880510693891
"6",7,1.02059716974941,1.12825991514377
"7",8,1.01024645399646,1.11946525613915
"8",9,1.0266251575586,1.20910117476029
"9",10,1.03025943735014,1.23779544383653
"10",11,1.00052912381037,1.16766807185096
"11",12,1.01992427153306,1.2514124883818
"12",13,0.98130650670408,1.29968856532639
"13",14,1.03921758520031,1.28884901845926
"14",15,1.00344713000491,1.27519018500861
"15",16,1.03190859115335,1.21755623333852
"16",17,1.03108876703129,1.23367571404604
"17",18,1.03561670154653,1.23135567471369
"18",19,1.03143167714922,1.307853319106
"19",20,1.08139853690139,1.27239256088157
