"","time","MRA","LR"
"1",2,1.00883272651119,1.05397022984365
"2",3,1.0217874646807,1.12826230953854
"3",4,1.03849205309141,1.17329645310363
"4",5,1.03928335645474,1.1669463883325
"5",6,1.05412584068537,1.1719606100653
"6",7,1.05344109591477,1.22686663383293
"7",8,1.03454787403497,1.21433664152479
"8",9,1.02254461875389,1.2421040431327
"9",10,1.05772046716924,1.21970760958873
"10",11,1.04727690397588,1.28435566384685
"11",12,1.04828224419288,1.19087660197654
"12",13,1.03276844807779,1.24959589341176
"13",14,1.05265645297211,1.21380487891156
"14",15,1.03735782953719,1.25153952859303
"15",16,1.06209652945926,1.26854546270021
"16",17,1.020170888695,1.1738014314724
"17",18,1.07005728230107,1.28990826358799
"18",19,1.01287943869957,1.13936683172318
"19",20,1.05327963185865,1.31163139489577
