"","time","MRA","LR"
"1",2,0.998243448781109,1.01552187443252
"2",3,1.02056210065589,1.04974749003999
"3",4,1.06299272701659,1.0961793792832
"4",5,1.02705589336432,1.05915746286805
"5",6,1.03805095073215,1.13452198064461
"6",7,1.06395978087393,1.25591979738985
"7",8,1.03195684039972,1.15357807260174
"8",9,1.09571730107202,1.19929837237894
"9",10,1.07596535508818,1.21387848131233
"10",11,1.07314163270073,1.20794682510471
"11",12,1.05396428955649,1.18305296513567
"12",13,1.0737371722208,1.2257519452559
"13",14,1.09075756845389,1.23122828661144
"14",15,1.08374861316039,1.26793903098415
"15",16,1.05432876251567,1.28677448289335
"16",17,1.08945332702135,1.31390266188844
"17",18,1.05352973745373,1.350319770451
"18",19,1.06076706582865,1.37485659512798
"19",20,1.04214434964819,1.3349296484574
