"","time","MRA","LR"
"1",2,1.00152909371207,0.979223420197508
"2",3,0.992746677136629,1.00512190323055
"3",4,1.03823453966061,1.08513443733712
"4",5,1.06432497753273,1.1089513419155
"5",6,1.034102224572,1.15038163538641
"6",7,1.01480996609966,1.12510880849982
"7",8,1.0268576353083,1.12760550397312
"8",9,1.04562690881741,1.11033946820085
"9",10,1.05668973880139,1.15058414135315
"10",11,1.05282400560232,1.18032083563492
"11",12,1.05261994129902,1.19802512696899
"12",13,1.03704411887643,1.25620871550873
"13",14,1.05300999290401,1.24865611456802
"14",15,1.03447579432469,1.20755494483509
"15",16,1.05775074618652,1.32737178563818
"16",17,1.08547661320682,1.3847070985606
"17",18,1.08001359245516,1.34843467567677
"18",19,1.03197751462323,1.30410525916079
"19",20,1.04439857853668,1.35071540651946
