"","time","MRA","LR"
"1",2,0.974315793040355,0.994179691054071
"2",3,1.02470479413328,1.11097638827646
"3",4,1.04887581040122,1.08392087166174
"4",5,1.05178465942703,1.17343936265121
"5",6,1.08551969250199,1.13242092198733
"6",7,1.10401706489579,1.24495146231453
"7",8,1.05746170889174,1.22079030032239
"8",9,1.01477736754332,1.15010938065569
"9",10,1.01271394283295,1.16708659489387
"10",11,1.01879614261143,1.15230720167846
"11",12,1.00098455752921,1.08922760642023
"12",13,1.02854885500111,1.14816904536327
"13",14,1.0216838807924,1.15685470371034
"14",15,1.02071906413105,1.13658654087451
"15",16,1.01931311523943,1.15007411684091
"16",17,1.06055826226589,1.2014699159733
"17",18,1.02771755234747,1.14890038741716
"18",19,1.00165242775228,1.20556102234443
"19",20,1.0500953524234,1.23918182767231
