"","time","MRA","LR"
"1",2,0.976953455810093,1.0256530110984
"2",3,1.00935571491151,1.09322210380265
"3",4,1.00453952493721,1.10438240546752
"4",5,1.0115494488226,1.11165900273191
"5",6,1.04150747568896,1.14773019552372
"6",7,1.00491660826263,1.10280938875874
"7",8,0.997427581322273,1.13926540802735
"8",9,1.02199831532139,1.13269436179154
"9",10,1.04656808458396,1.1523322306604
"10",11,1.01791650696432,1.14345187468365
"11",12,1.02054506478991,1.25659390964058
"12",13,1.07040587584545,1.28897545860442
"13",14,1.04176485122001,1.21952268738972
"14",15,1.02489467533895,1.15524817777554
"15",16,1.05943493374126,1.17090450356746
"16",17,1.04593764430763,1.19929140049876
"17",18,1.06453713149455,1.27090514931736
"18",19,1.03432390384496,1.24877284636776
"19",20,1.03917758083063,1.18722537426705
