"","time","MRA","LR"
"1",2,0.990575019561492,1.03290850118049
"2",3,0.99843915846159,1.06909225473893
"3",4,1.00161233971636,1.06855698850518
"4",5,1.05803662432082,1.13404667343391
"5",6,1.01099735680431,1.02795783684002
"6",7,1.02967714392043,1.10985394457583
"7",8,1.01768365630076,1.09293278661935
"8",9,1.03766426403469,1.13618411697278
"9",10,1.05204541656227,1.24327575124337
"10",11,1.05212248688961,1.27125771767973
"11",12,1.04239835482085,1.25982985065445
"12",13,1.02455503311692,1.18238547569632
"13",14,1.04543320731356,1.20139771180746
"14",15,0.991794749251954,1.13549443405264
"15",16,1.03351012492056,1.11619151539651
"16",17,1.06424049621517,1.20209735134466
"17",18,1.04833094145395,1.21172531205833
"18",19,1.03060864210855,1.14121263801472
"19",20,1.03072189814119,1.13504688243941
