"","time","MRA","LR"
"1",2,0.976585399825324,1.02830801592538
"2",3,1.00688166668431,1.03901177463589
"3",4,1.01993735533873,1.08190518725774
"4",5,0.994772336542878,1.07294838247092
"5",6,1.0201791691779,1.15423057906671
"6",7,1.02577433657473,1.16606300362005
"7",8,1.04429957165369,1.17583990813922
"8",9,1.02636140417437,1.15567774482729
"9",10,1.02820250216597,1.15231804109086
"10",11,1.03010146188995,1.1760095323231
"11",12,0.999272004886084,1.10564489330265
"12",13,1.01371578132197,1.13443163685934
"13",14,1.0423469826632,1.25401735542727
"14",15,1.03713776065506,1.25091207723263
"15",16,1.02880005758735,1.2554479801991
"16",17,1.0885794817039,1.25247488564585
"17",18,1.03104632872528,1.20825700336295
"18",19,1.03113017810305,1.18947371877026
"19",20,1.04418735777267,1.12400562324732
