"","time","MRA","LR"
"1",2,0.928253387653828,0.988901547344614
"2",3,0.9822676372439,1.08688153935362
"3",4,1.01564754146996,1.12512193226818
"4",5,1.02617817574339,1.09779323953749
"5",6,1.03338348440058,1.16375347713334
"6",7,1.03428815308963,1.2116818631018
"7",8,1.03375679385602,1.20867155217037
"8",9,1.01644341580645,1.17138871393592
"9",10,1.0477753042617,1.1984420442611
"10",11,1.02518894256968,1.19245498819987
"11",12,1.04755818026882,1.18021908581487
"12",13,1.03847953551696,1.23775565810101
"13",14,1.00222262395079,1.22484444578666
"14",15,1.02396422923925,1.2650123648538
"15",16,1.08057910705528,1.21574762877065
"16",17,1.05453442131081,1.2665476890244
"17",18,1.05247781093448,1.3456851570741
"18",19,1.05066234754404,1.28566516535842
"19",20,1.04297959857701,1.32724122645238
