"","time","MRA","LR"
"1",2,0.998712231803278,1.01920638848002
"2",3,0.983825148234512,1.09239848306597
"3",4,1.03576253471293,1.1337551176251
"4",5,0.999839894275585,1.16545005454663
"5",6,1.0151379916403,1.18271489441579
"6",7,1.04199084002314,1.25553755929295
"7",8,1.06294798450256,1.21102480916806
"8",9,1.02945334464278,1.16004752759251
"9",10,1.06775462123159,1.26374526250432
"10",11,1.01380104102728,1.26658411142203
"11",12,1.00327561978829,1.26589150619273
"12",13,1.00298399472754,1.10281931245972
"13",14,1.02365328738049,1.09010487955758
"14",15,1.05158812795664,1.15334029497135
"15",16,1.07375082474713,1.16879031543996
"16",17,1.12376672734751,1.20487111213211
"17",18,1.05153536601264,1.13181227913329
"18",19,1.06392539785736,1.1856046991724
"19",20,1.03429551117042,1.19401850674996
