"","time","MRA","LR"
"1",2,1.00053227611276,1.04528933360765
"2",3,0.992281259244691,1.03724604372048
"3",4,0.988993688046678,1.01873087400306
"4",5,1.02239726497131,1.08894255792106
"5",6,1.04706703379204,1.15993858212069
"6",7,1.02588970865158,1.11041357758694
"7",8,1.06585224542625,1.15102842938995
"8",9,1.05695137387161,1.20291783980861
"9",10,1.0311337385417,1.2124412999515
"10",11,1.04300713208859,1.23744667176502
"11",12,1.04872979906395,1.25405646922443
"12",13,1.02471831077743,1.22452347326599
"13",14,1.0191358579636,1.27972817506607
"14",15,1.04222584196063,1.32441230921602
"15",16,1.04174615455708,1.23970211879226
"16",17,1.03837645288678,1.19672100584921
"17",18,1.052055050248,1.22860590324304
"18",19,1.03386019386174,1.28940161929268
"19",20,1.01394737274152,1.32509437637132
